20 0 237
20 0 238
20 0 239
20 0 240
20 0 241
20 0 242
20 0 243
20 0 244
20 0 245
19 0 246
19 0 247
19 0 248
19 0 249
18 0 250
18 0 251
18 0 252
18 0 253
18 0 254
18 0 255
17 0 256
17 0 257
17 0 258
17 0 259
17 0 260
17 0 261
17 0 262
17 0 263
17 0 264
17 0 265
17 0 266
16 0 268
16 0 269
16 0 270
16 0 271
16 0 272
16 0 273
16 0 274
16 0 275
16 0 276
16 0 277
15 0 278
15 0 279
15 0 280
15 0 281
15 0 282
15 0 283
14 0 285
14 0 286
14 0 287
14 0 288
14 0 289
13 0 291
13 0 292
13 0 293
12 0 296
12 0 297
12 0 298
11 0 301
10 0 304
9 0 307
5.67324 -19.1785 238
5.67324 -19.1785 239
5.67324 -19.1785 240
5.67324 -19.1785 241
5.67324 -19.1785 242
5.67324 -19.1785 243
5.67324 -19.1785 244
5.67324 -19.1785 245
5.67324 -19.1785 246
5.38958 -18.2196 248
5.38958 -18.2196 249
5.10592 -17.2606 251
5.10592 -17.2606 252
5.10592 -17.2606 253
5.10592 -17.2606 254
5.10592 -17.2606 255
5.10592 -17.2606 256
5.10592 -17.2606 257
5.10592 -17.2606 258
4.82226 -16.3017 259
4.82226 -16.3017 260
4.82226 -16.3017 261
4.82226 -16.3017 262
4.82226 -16.3017 263
4.82226 -16.3017 264
4.82226 -16.3017 265
4.82226 -16.3017 266
4.82226 -16.3017 267
4.82226 -16.3017 268
4.5386 -15.3428 270
4.5386 -15.3428 271
4.5386 -15.3428 272
4.5386 -15.3428 273
4.5386 -15.3428 274
4.5386 -15.3428 275
4.5386 -15.3428 276
4.5386 -15.3428 277
4.25493 -14.3839 278
4.25493 -14.3839 279
4.25493 -14.3839 280
4.25493 -14.3839 281
4.25493 -14.3839 282
4.25493 -14.3839 283
3.97127 -13.4249 286
3.97127 -13.4249 287
3.97127 -13.4249 288
3.97127 -13.4249 289
3.68761 -12.466 292
3.68761 -12.466 293
3.68761 -12.466 294
3.40395 -11.5071 297
3.40395 -11.5071 298
3.40395 -11.5071 299
3.12028 -10.5482 301
-16.7814 -10.8804 240
-16.7814 -10.8804 241
-16.7814 -10.8804 242
-16.7814 -10.8804 243
-16.7814 -10.8804 244
-16.7814 -10.8804 245
-16.7814 -10.8804 246
-16.7814 -10.8804 247
-15.9424 -10.3364 248
-15.9424 -10.3364 249
-15.9424 -10.3364 250
-15.1033 -9.79238 252
-15.1033 -9.79238 253
-15.1033 -9.79238 254
-15.1033 -9.79238 255
-15.1033 -9.79238 256
-15.1033 -9.79238 257
-15.1033 -9.79238 258
-15.1033 -9.79238 259
-14.2642 -9.24836 260
-14.2642 -9.24836 261
-14.2642 -9.24836 262
-14.2642 -9.24836 263
-14.2642 -9.24836 264
-14.2642 -9.24836 265
-14.2642 -9.24836 266
-14.2642 -9.24836 267
-14.2642 -9.24836 268
-14.2642 -9.24836 269
-13.4251 -8.70434 272
-13.4251 -8.70434 273
-13.4251 -8.70434 274
-13.4251 -8.70434 275
-13.4251 -8.70434 276
-13.4251 -8.70434 277
-13.4251 -8.70434 278
-13.4251 -8.70434 279
-12.5861 -8.16032 280
-12.5861 -8.16032 281
-12.5861 -8.16032 282
-12.5861 -8.16032 283
-12.5861 -8.16032 284
-11.747 -7.6163 287
-11.747 -7.6163 288
-11.747 -7.6163 289
-11.747 -7.6163 290
-10.9079 -7.07227 292
-10.9079 -7.07227 293
-10.9079 -7.07227 294
-10.0689 -6.52825 297
-10.0689 -6.52825 298
-10.0689 -6.52825 299
-8.39072 -5.44021 305
-15.1938 13.0058 239
-15.1938 13.0058 240
-15.1938 13.0058 241
-15.1938 13.0058 242
-15.1938 13.0058 243
-15.1938 13.0058 244
-15.1938 13.0058 245
-15.1938 13.0058 246
-15.1938 13.0058 247
-14.4341 12.3555 249
-14.4341 12.3555 250
-13.6744 11.7052 252
-13.6744 11.7052 253
-13.6744 11.7052 254
-13.6744 11.7052 255
-13.6744 11.7052 256
-13.6744 11.7052 257
-13.6744 11.7052 258
-13.6744 11.7052 259
-12.9147 11.0549 260
-12.9147 11.0549 261
-12.9147 11.0549 262
-12.9147 11.0549 263
-12.9147 11.0549 264
-12.9147 11.0549 265
-12.9147 11.0549 266
-12.9147 11.0549 267
-12.9147 11.0549 268
-12.9147 11.0549 269
-12.155 10.4046 272
-12.155 10.4046 273
-12.155 10.4046 274
-12.155 10.4046 275
-12.155 10.4046 276
-12.155 10.4046 277
-12.155 10.4046 278
-11.3953 9.75432 279
-11.3953 9.75432 280
-11.3953 9.75432 281
-11.3953 9.75432 282
-11.3953 9.75432 283
-11.3953 9.75432 284
-10.6356 9.10403 287
-10.6356 9.10403 288
-10.6356 9.10403 289
-10.6356 9.10403 290
-9.87594 8.45374 293
-9.87594 8.45374 294
-9.87594 8.45374 295
-9.11625 7.80345 297
-9.11625 7.80345 298
-9.11625 7.80345 299
-8.35657 7.15317 302
-7.59688 6.50288 305
-6.83719 5.85259 308
8.16164 18.2589 240
8.16164 18.2589 241
8.16164 18.2589 242
8.16164 18.2589 243
8.16164 18.2589 244
8.16164 18.2589 245
8.16164 18.2589 246
8.16164 18.2589 247
7.75356 17.346 249
7.75356 17.346 250
7.34548 16.433 252
7.34548 16.433 253
7.34548 16.433 254
7.34548 16.433 255
7.34548 16.433 256
7.34548 16.433 257
7.34548 16.433 258
7.34548 16.433 259
6.9374 15.5201 260
6.9374 15.5201 261
6.9374 15.5201 262
6.9374 15.5201 263
6.9374 15.5201 264
6.9374 15.5201 265
6.9374 15.5201 266
6.9374 15.5201 267
6.9374 15.5201 268
6.52931 14.6071 271
6.52931 14.6071 272
6.52931 14.6071 273
6.52931 14.6071 274
6.52931 14.6071 275
6.52931 14.6071 276
6.52931 14.6071 277
6.52931 14.6071 278
6.12123 13.6942 279
6.12123 13.6942 280
6.12123 13.6942 281
6.12123 13.6942 282
6.12123 13.6942 283
6.12123 13.6942 284
5.71315 12.7812 287
5.71315 12.7812 288
5.71315 12.7812 289
5.71315 12.7812 290
5.30507 11.8683 293
5.30507 11.8683 294
5.30507 11.8683 295
4.89698 10.9553 298
4.89698 10.9553 299
4.4889 10.0424 302
19.8241 -2.64703 238
19.8241 -2.64703 239
19.8241 -2.64703 240
19.8241 -2.64703 241
19.8241 -2.64703 242
19.8241 -2.64703 243
19.8241 -2.64703 244
19.8241 -2.64703 245
19.8241 -2.64703 246
19.8241 -2.64703 247
18.8329 -2.51468 249
18.8329 -2.51468 250
17.8417 -2.38233 252
17.8417 -2.38233 253
17.8417 -2.38233 254
17.8417 -2.38233 255
17.8417 -2.38233 256
17.8417 -2.38233 257
16.8504 -2.24998 258
16.8504 -2.24998 259
16.8504 -2.24998 260
16.8504 -2.24998 261
16.8504 -2.24998 262
16.8504 -2.24998 263
16.8504 -2.24998 264
16.8504 -2.24998 265
16.8504 -2.24998 266
16.8504 -2.24998 267
15.8592 -2.11763 270
15.8592 -2.11763 271
15.8592 -2.11763 272
15.8592 -2.11763 273
15.8592 -2.11763 274
15.8592 -2.11763 275
15.8592 -2.11763 276
15.8592 -2.11763 277
14.868 -1.98528 278
14.868 -1.98528 279
14.868 -1.98528 280
14.868 -1.98528 281
14.868 -1.98528 282
14.868 -1.98528 283
13.8768 -1.85292 286
13.8768 -1.85292 287
13.8768 -1.85292 288
13.8768 -1.85292 289
12.8856 -1.72057 292
12.8856 -1.72057 293
11.8944 -1.58822 297
11.8944 -1.58822 298
11.8944 -1.58822 299
3.08503 -19.7606 239
3.08503 -19.7606 240
3.08503 -19.7606 241
3.08503 -19.7606 242
3.08503 -19.7606 243
3.08503 -19.7606 244
3.08503 -19.7606 245
3.08503 -19.7606 246
3.08503 -19.7606 247
2.93078 -18.7726 249
2.93078 -18.7726 250
2.77653 -17.7846 252
2.77653 -17.7846 253
2.77653 -17.7846 254
2.77653 -17.7846 255
2.62227 -16.7965 258
2.62227 -16.7965 259
2.62227 -16.7965 260
2.62227 -16.7965 261
2.62227 -16.7965 262
2.62227 -16.7965 263
2.62227 -16.7965 264
2.62227 -16.7965 265
2.62227 -16.7965 266
2.62227 -16.7965 267
2.46802 -15.8085 271
2.46802 -15.8085 272
2.46802 -15.8085 273
2.46802 -15.8085 274
2.46802 -15.8085 275
2.46802 -15.8085 276
2.46802 -15.8085 277
2.31377 -14.8205 280
2.31377 -14.8205 281
2.31377 -14.8205 282
2.31377 -14.8205 283
2.15952 -13.8324 286
2.15952 -13.8324 287
2.15952 -13.8324 288
2.15952 -13.8324 289
2.00527 -12.8444 293
2.00527 -12.8444 294
1.85102 -11.8564 297
1.85102 -11.8564 298
1.85102 -11.8564 299
-18.0738 -8.56365 240
-18.0738 -8.56365 241
-18.0738 -8.56365 242
-18.0738 -8.56365 243
-18.0738 -8.56365 244
-18.0738 -8.56365 245
-18.0738 -8.56365 246
-17.1702 -8.13547 249
-17.1702 -8.13547 250
-16.2665 -7.70729 252
-16.2665 -7.70729 253
-16.2665 -7.70729 254
-15.3628 -7.27911 257
-15.3628 -7.27911 258
-15.3628 -7.27911 259
-15.3628 -7.27911 260
-15.3628 -7.27911 261
-15.3628 -7.27911 262
-15.3628 -7.27911 263
-15.3628 -7.27911 264
-15.3628 -7.27911 265
-14.4591 -6.85092 270
-14.4591 -6.85092 271
-14.4591 -6.85092 272
-14.4591 -6.85092 273
-14.4591 -6.85092 274
-14.4591 -6.85092 275
-14.4591 -6.85092 276
-14.4591 -6.85092 277
-13.5554 -6.42274 278
-13.5554 -6.42274 279
-13.5554 -6.42274 280
-13.5554 -6.42274 281
-13.5554 -6.42274 282
-13.5554 -6.42274 283
-12.6517 -5.99456 286
-12.6517 -5.99456 287
-12.6517 -5.99456 288
-12.6517 -5.99456 289
-11.748 -5.56637 292
-11.748 -5.56637 293
-10.8443 -5.13819 297
-10.8443 -5.13819 298
-10.8443 -5.13819 299
-13.3388 14.9023 241
-13.3388 14.9023 242
-13.3388 14.9023 243
-13.3388 14.9023 244
-13.3388 14.9023 245
-12.6718 14.1572 248
-12.6718 14.1572 249
-12.0049 13.412 252
-12.0049 13.412 253
-11.3379 12.6669 256
-11.3379 12.6669 257
-11.3379 12.6669 258
-11.3379 12.6669 259
-11.3379 12.6669 260
-11.3379 12.6669 261
-11.3379 12.6669 262
-11.3379 12.6669 263
-10.671 11.9218 267
-10.671 11.9218 268
-10.671 11.9218 269
-10.671 11.9218 270
-10.671 11.9218 271
-10.671 11.9218 272
-10.671 11.9218 273
-10.671 11.9218 274
-10.671 11.9218 275
-10.0041 11.1767 276
-10.0041 11.1767 277
-10.0041 11.1767 278
-10.0041 11.1767 279
-10.0041 11.1767 280
-10.0041 11.1767 281
-10.0041 11.1767 282
-9.33713 10.4316 285
-9.33713 10.4316 286
-9.33713 10.4316 287
-8.67019 9.68647 292
-8.67019 9.68647 293
-8.00326 8.94136 296
-8.00326 8.94136 297
-8.00326 8.94136 298
9.98112 16.1672 244
9.98112 16.1672 245
9.98112 16.1672 246
9.98112 16.1672 247
9.98112 16.1672 248
9.98112 16.1672 249
9.4558 15.3163 252
8.93047 14.4654 255
8.93047 14.4654 256
8.93047 14.4654 257
8.93047 14.4654 258
8.93047 14.4654 259
8.93047 14.4654 260
8.93047 14.4654 261
8.40515 13.6145 265
8.40515 13.6145 266
8.40515 13.6145 267
8.40515 13.6145 268
8.40515 13.6145 269
8.40515 13.6145 270
8.40515 13.6145 271
8.40515 13.6145 272
8.40515 13.6145 273
7.87983 12.7636 275
7.87983 12.7636 276
7.87983 12.7636 277
7.87983 12.7636 278
7.87983 12.7636 279
7.87983 12.7636 280
7.87983 12.7636 281
7.35451 11.9126 284
7.35451 11.9126 285
7.35451 11.9126 286
7.35451 11.9126 287
6.82919 11.0617 291
6.82919 11.0617 292
6.30386 10.2108 296
6.30386 10.2108 297
18.3344 -4.98512 242
18.3344 -4.98512 243
18.3344 -4.98512 244
18.3344 -4.98512 245
18.3344 -4.98512 246
18.3344 -4.98512 247
18.3344 -4.98512 248
18.3344 -4.98512 249
17.3694 -4.72275 251
17.3694 -4.72275 252
16.4044 -4.46037 255
16.4044 -4.46037 256
16.4044 -4.46037 257
16.4044 -4.46037 258
16.4044 -4.46037 259
15.4395 -4.198 263
15.4395 -4.198 264
15.4395 -4.198 265
15.4395 -4.198 266
15.4395 -4.198 267
15.4395 -4.198 268
15.4395 -4.198 269
15.4395 -4.198 270
14.4745 -3.93562 274
14.4745 -3.93562 275
14.4745 -3.93562 276
14.4745 -3.93562 277
14.4745 -3.93562 278
14.4745 -3.93562 279
13.5095 -3.67325 282
13.5095 -3.67325 283
13.5095 -3.67325 284
13.5095 -3.67325 285
12.5446 -3.41087 289
12.5446 -3.41087 290
12.5446 -3.41087 291
11.5796 -3.1485 295
11.5796 -3.1485 296
0.420408 -18.9953 240
0.420408 -18.9953 241
0.420408 -18.9953 242
0.420408 -18.9953 243
0.420408 -18.9953 244
0.420408 -18.9953 245
0.420408 -18.9953 246
0.420408 -18.9953 247
0.398282 -17.9956 250
0.398282 -17.9956 251
0.376155 -16.9958 254
0.376155 -16.9958 255
0.354028 -15.9961 260
0.354028 -15.9961 261
0.354028 -15.9961 262
0.354028 -15.9961 263
0.354028 -15.9961 264
0.354028 -15.9961 265
0.354028 -15.9961 266
0.354028 -15.9961 267
0.331901 -14.9963 272
0.331901 -14.9963 273
0.331901 -14.9963 274
0.331901 -14.9963 275
0.331901 -14.9963 276
0.331901 -14.9963 277
0.309775 -13.9966 280
0.309775 -13.9966 281
0.309775 -13.9966 282
0.309775 -13.9966 283
0.287648 -12.9968 288
0.287648 -12.9968 289
0.287648 -12.9968 290
0.265521 -11.9971 294
0.265521 -11.9971 295
0.243394 -10.9973 299
-18.0958 -5.7914 242
-17.1434 -5.48659 248
-17.1434 -5.48659 249
-17.1434 -5.48659 250
-16.191 -5.18178 253
-15.2386 -4.87697 258
-15.2386 -4.87697 259
-15.2386 -4.87697 260
-15.2386 -4.87697 261
-15.2386 -4.87697 262
-15.2386 -4.87697 263
-14.2862 -4.57216 269
-14.2862 -4.57216 270
-14.2862 -4.57216 271
-14.2862 -4.57216 272
-14.2862 -4.57216 273
-14.2862 -4.57216 274
-14.2862 -4.57216 275
-13.3338 -4.26735 278
-13.3338 -4.26735 279
-13.3338 -4.26735 280
-13.3338 -4.26735 281
-13.3338 -4.26735 282
-12.3814 -3.96254 286
-12.3814 -3.96254 287
-12.3814 -3.96254 288
-11.429 -3.65773 292
-11.429 -3.65773 293
-10.4765 -3.35292 297
-10.4765 -3.35292 298
-10.1242 14.8829 241
-10.1242 14.8829 242
-10.1242 14.8829 243
-10.1242 14.8829 244
-10.1242 14.8829 245
-10.1242 14.8829 246
-10.1242 14.8829 247
-10.1242 14.8829 248
-10.1242 14.8829 249
-9.56172 14.0561 251
-9.56172 14.0561 252
-8.99926 13.2293 255
-8.99926 13.2293 256
-8.99926 13.2293 257
-8.99926 13.2293 258
-8.99926 13.2293 259
-8.43681 12.4024 264
-8.43681 12.4024 265
-8.43681 12.4024 266
-8.43681 12.4024 267
-8.43681 12.4024 268
-8.43681 12.4024 269
-7.87435 11.5756 274
-7.87435 11.5756 275
-7.87435 11.5756 276
-7.87435 11.5756 277
-7.87435 11.5756 278
-7.87435 11.5756 279
-7.3119 10.7488 282
-7.3119 10.7488 283
-7.3119 10.7488 284
-7.3119 10.7488 285
-6.74945 9.92194 290
-6.74945 9.92194 291
-6.18699 9.09512 295
-6.18699 9.09512 296
-5.62454 8.26829 300
11.3997 13.93 238
11.3997 13.93 239
11.3997 13.93 240
11.3997 13.93 241
11.3997 13.93 242
11.3997 13.93 243
11.3997 13.93 244
11.3997 13.93 245
11.3997 13.93 246
11.3997 13.93 247
10.7664 13.1561 250
10.7664 13.1561 251
10.1331 12.3823 254
10.1331 12.3823 255
9.49979 11.6084 260
9.49979 11.6084 261
9.49979 11.6084 262
9.49979 11.6084 263
9.49979 11.6084 264
9.49979 11.6084 265
8.86647 10.8345 272
8.86647 10.8345 273
8.86647 10.8345 274
8.86647 10.8345 275
8.86647 10.8345 276
8.86647 10.8345 277
8.23315 10.0606 280
8.23315 10.0606 281
8.23315 10.0606 282
8.23315 10.0606 283
7.59983 9.28669 288
7.59983 9.28669 289
6.96651 8.5128 294
6.33319 7.73891 299
15.6698 -6.59229 248
15.6698 -6.59229 249
15.6698 -6.59229 250
14.748 -6.20451 253
13.8263 -5.81672 257
13.8263 -5.81672 258
13.8263 -5.81672 259
13.8263 -5.81672 260
13.8263 -5.81672 261
13.8263 -5.81672 262
12.9045 -5.42894 269
12.9045 -5.42894 270
12.9045 -5.42894 271
12.9045 -5.42894 272
12.9045 -5.42894 273
12.9045 -5.42894 274
11.9828 -5.04116 278
11.9828 -5.04116 279
11.9828 -5.04116 280
11.9828 -5.04116 281
11.061 -4.65338 286
11.061 -4.65338 287
10.1393 -4.2656 292
10.1393 -4.2656 293
9.21751 -3.87782 298
-1.87658 -16.8961 241
-1.87658 -16.8961 242
-1.87658 -16.8961 243
-1.87658 -16.8961 244
-1.87658 -16.8961 245
-1.87658 -16.8961 246
-1.87658 -16.8961 247
-1.87658 -16.8961 248
-1.7662 -15.9022 251
-1.65581 -14.9083 255
-1.65581 -14.9083 256
-1.65581 -14.9083 257
-1.54542 -13.9144 265
-1.54542 -13.9144 266
-1.54542 -13.9144 267
-1.54542 -13.9144 268
-1.54542 -13.9144 269
-1.54542 -13.9144 270
-1.54542 -13.9144 271
-1.43503 -12.9206 274
-1.43503 -12.9206 275
-1.43503 -12.9206 276
-1.43503 -12.9206 277
-1.43503 -12.9206 278
-1.32465 -11.9267 283
-1.32465 -11.9267 284
-1.32465 -11.9267 285
-1.21426 -10.9328 290
-1.10387 -9.93889 295
-1.10387 -9.93889 296
-16.7344 -2.99329 238
-16.7344 -2.99329 239
-16.7344 -2.99329 240
-16.7344 -2.99329 241
-16.7344 -2.99329 242
-16.7344 -2.99329 243
-16.7344 -2.99329 244
-16.7344 -2.99329 245
-15.75 -2.81721 250
-14.7656 -2.64113 254
-14.7656 -2.64113 255
-13.7813 -2.46506 260
-13.7813 -2.46506 261
-13.7813 -2.46506 262
-13.7813 -2.46506 263
-13.7813 -2.46506 264
-13.7813 -2.46506 265
-12.7969 -2.28898 272
-12.7969 -2.28898 273
-12.7969 -2.28898 274
-12.7969 -2.28898 275
-12.7969 -2.28898 276
-11.8125 -2.11291 281
-11.8125 -2.11291 282
-11.8125 -2.11291 283
-10.8281 -1.93683 288
-10.8281 -1.93683 289
-9.84377 -1.76076 293
-9.84377 -1.76076 294
-9.84377 -1.76076 295
-7.16918 14.3039 246
-7.16918 14.3039 247
-7.16918 14.3039 248
-7.16918 14.3039 249
-7.16918 14.3039 250
-6.7211 13.41 252
-6.7211 13.41 253
-6.27303 12.516 257
-6.27303 12.516 258
-6.27303 12.516 259
-6.27303 12.516 260
-6.27303 12.516 261
-5.82496 11.622 268
-5.82496 11.622 269
-5.82496 11.622 270
-5.82496 11.622 271
-5.82496 11.622 272
-5.82496 11.622 273
-5.37688 10.728 277
-5.37688 10.728 278
-5.37688 10.728 279
-5.37688 10.728 280
-5.37688 10.728 281
-4.92881 9.83396 285
-4.92881 9.83396 286
-4.92881 9.83396 287
-4.48074 8.93997 292
-4.48074 8.93997 293
11.6828 10.9322 240
11.6828 10.9322 241
11.6828 10.9322 242
11.6828 10.9322 243
11.6828 10.9322 244
11.6828 10.9322 245
11.6828 10.9322 246
11.6828 10.9322 247
11.6828 10.9322 248
11.6828 10.9322 249
10.9526 10.2489 251
10.9526 10.2489 252
10.2224 9.56566 255
10.2224 9.56566 256
10.2224 9.56566 257
10.2224 9.56566 258
10.2224 9.56566 259
9.49226 8.8824 265
9.49226 8.8824 266
9.49226 8.8824 267
9.49226 8.8824 268
9.49226 8.8824 269
9.49226 8.8824 270
9.49226 8.8824 271
8.76208 8.19914 274
8.76208 8.19914 275
8.76208 8.19914 276
8.76208 8.19914 277
8.76208 8.19914 278
8.76208 8.19914 279
8.03191 7.51588 283
8.03191 7.51588 284
8.03191 7.51588 285
7.30174 6.83262 290
7.30174 6.83262 291
6.57156 6.14936 296
13.7971 -8.10185 239
13.7971 -8.10185 240
13.7971 -8.10185 241
13.7971 -8.10185 242
13.7971 -8.10185 243
13.7971 -8.10185 244
13.7971 -8.10185 245
13.7971 -8.10185 246
13.7971 -8.10185 247
13.7971 -8.10185 248
12.9348 -7.59548 251
12.0725 -7.08912 254
12.0725 -7.08912 255
12.0725 -7.08912 256
11.2101 -6.58275 260
11.2101 -6.58275 261
11.2101 -6.58275 262
11.2101 -6.58275 263
11.2101 -6.58275 264
11.2101 -6.58275 265
11.2101 -6.58275 266
11.2101 -6.58275 267
10.3478 -6.07639 272
10.3478 -6.07639 273
10.3478 -6.07639 274
10.3478 -6.07639 275
10.3478 -6.07639 276
10.3478 -6.07639 277
9.48551 -5.57002 281
9.48551 -5.57002 282
9.48551 -5.57002 283
8.62319 -5.06366 290
7.76087 -4.55729 294
7.76087 -4.55729 295
-3.61439 -14.558 249
-3.61439 -14.558 250
-3.37343 -13.5875 253
-3.37343 -13.5875 254
-3.13247 -12.617 257
-3.13247 -12.617 258
-3.13247 -12.617 259
-3.13247 -12.617 260
-3.13247 -12.617 261
-3.13247 -12.617 262
-3.13247 -12.617 263
-2.89151 -11.6464 269
-2.89151 -11.6464 270
-2.89151 -11.6464 271
-2.89151 -11.6464 272
-2.89151 -11.6464 273
-2.89151 -11.6464 274
-2.89151 -11.6464 275
-2.65055 -10.6759 278
-2.65055 -10.6759 279
-2.65055 -10.6759 280
-2.65055 -10.6759 281
-2.65055 -10.6759 282
-2.40959 -9.70535 287
-2.40959 -9.70535 288
-2.16863 -8.73482 293
-14.9853 -0.66364 242
-14.9853 -0.66364 243
-14.9853 -0.66364 244
-14.9853 -0.66364 245
-14.9853 -0.66364 246
-14.9853 -0.66364 247
-14.9853 -0.66364 248
-14.9853 -0.66364 249
-13.9863 -0.619398 252
-12.9873 -0.575155 256
-12.9873 -0.575155 257
-12.9873 -0.575155 258
-12.9873 -0.575155 259
-12.9873 -0.575155 260
-11.9882 -0.530912 266
-11.9882 -0.530912 267
-11.9882 -0.530912 268
-11.9882 -0.530912 269
-11.9882 -0.530912 270
-11.9882 -0.530912 271
-11.9882 -0.530912 272
-10.9892 -0.486669 275
-10.9892 -0.486669 276
-10.9892 -0.486669 277
-10.9892 -0.486669 278
-10.9892 -0.486669 279
-9.99021 -0.442427 284
-9.99021 -0.442427 285
-9.99021 -0.442427 286
-8.99119 -0.398184 291
-7.99217 -0.353941 296
-7.99217 -0.353941 297
-4.88715 14.1815 240
-4.88715 14.1815 241
-4.88715 14.1815 242
-4.88715 14.1815 243
-4.88715 14.1815 244
-4.88715 14.1815 245
-4.88715 14.1815 246
-4.88715 14.1815 247
-4.56134 13.2361 251
-4.23553 12.2907 254
-4.23553 12.2907 255
-4.23553 12.2907 256
-4.23553 12.2907 257
-3.90972 11.3452 260
-3.90972 11.3452 261
-3.90972 11.3452 262
-3.90972 11.3452 263
-3.90972 11.3452 264
-3.90972 11.3452 265
-3.90972 11.3452 266
-3.90972 11.3452 267
-3.90972 11.3452 268
-3.58391 10.3998 272
-3.58391 10.3998 273
-3.58391 10.3998 274
-3.58391 10.3998 275
-3.58391 10.3998 276
-3.58391 10.3998 277
-3.2581 9.45435 281
-3.2581 9.45435 282
-3.2581 9.45435 283
-3.2581 9.45435 284
-2.93229 8.50892 288
-2.93229 8.50892 289
-2.93229 8.50892 290
-2.60648 7.56348 294
-2.60648 7.56348 295
-2.28067 6.61805 299
12.2127 8.70917 234
12.2127 8.70917 235
12.2127 8.70917 236
12.2127 8.70917 237
12.2127 8.70917 238
12.2127 8.70917 239
12.2127 8.70917 240
12.2127 8.70917 241
12.2127 8.70917 242
12.2127 8.70917 243
11.3985 8.12856 249
11.3985 8.12856 250
10.5844 7.54795 253
10.5844 7.54795 254
10.5844 7.54795 255
9.77017 6.96733 258
9.77017 6.96733 259
9.77017 6.96733 260
9.77017 6.96733 261
9.77017 6.96733 262
9.77017 6.96733 263
9.77017 6.96733 264
9.77017 6.96733 265
8.95599 6.38672 270
8.95599 6.38672 271
8.95599 6.38672 272
8.95599 6.38672 273
8.95599 6.38672 274
8.95599 6.38672 275
8.95599 6.38672 276
8.14181 5.80611 280
8.14181 5.80611 281
8.14181 5.80611 282
8.14181 5.80611 283
7.32763 5.2255 287
7.32763 5.2255 288
7.32763 5.2255 289
6.51345 4.64489 293
6.51345 4.64489 294
6.51345 4.64489 295
5.69927 4.06428 298
11.8157 -9.24061 224
11.8157 -9.24061 225
11.8157 -9.24061 226
11.028 -8.62457 242
11.028 -8.62457 243
11.028 -8.62457 244
11.028 -8.62457 245
11.028 -8.62457 246
11.028 -8.62457 247
11.028 -8.62457 248
11.028 -8.62457 249
10.2403 -8.00853 252
10.2403 -8.00853 253
9.45257 -7.39249 256
9.45257 -7.39249 257
9.45257 -7.39249 258
9.45257 -7.39249 259
9.45257 -7.39249 260
9.45257 -7.39249 261
8.66486 -6.77644 268
8.66486 -6.77644 269
8.66486 -6.77644 270
8.66486 -6.77644 271
8.66486 -6.77644 272
8.66486 -6.77644 273
7.87715 -6.1604 276
7.87715 -6.1604 277
7.87715 -6.1604 278
7.87715 -6.1604 279
7.87715 -6.1604 280
7.87715 -6.1604 281
7.08943 -5.54436 284
7.08943 -5.54436 285
7.08943 -5.54436 286
7.08943 -5.54436 287
6.30172 -4.92832 292
6.30172 -4.92832 293
5.514 -4.31228 297
-5.14208 -13.0215 240
-5.14208 -13.0215 241
-5.14208 -13.0215 242
-5.14208 -13.0215 243
-5.14208 -13.0215 244
-5.14208 -13.0215 245
-5.14208 -13.0215 246
-5.14208 -13.0215 247
-5.14208 -13.0215 248
-5.14208 -13.0215 249
-4.77479 -12.0914 251
-4.4075 -11.1613 255
-4.4075 -11.1613 256
-4.4075 -11.1613 257
-4.4075 -11.1613 258
-4.4075 -11.1613 259
-4.4075 -11.1613 260
-4.0402 -10.2312 264
-4.0402 -10.2312 265
-4.0402 -10.2312 266
-4.0402 -10.2312 267
-4.0402 -10.2312 268
-4.0402 -10.2312 269
-4.0402 -10.2312 270
-4.0402 -10.2312 271
-4.0402 -10.2312 272
-3.67291 -9.30106 275
-3.67291 -9.30106 276
-3.67291 -9.30106 277
-3.67291 -9.30106 278
-3.67291 -9.30106 279
-3.67291 -9.30106 280
-3.30562 -8.37095 283
-3.30562 -8.37095 284
-3.30562 -8.37095 285
-3.30562 -8.37095 286
-3.30562 -8.37095 287
-2.93833 -7.44085 291
-2.93833 -7.44085 292
-2.57104 -6.51074 296
-2.57104 -6.51074 297
-13.9452 1.23716 238
-13.9452 1.23716 239
-13.9452 1.23716 240
-13.9452 1.23716 241
-13.9452 1.23716 242
-13.9452 1.23716 243
-13.9452 1.23716 244
-13.9452 1.23716 245
-13.9452 1.23716 246
-13.9452 1.23716 247
-12.9491 1.14879 250
-12.9491 1.14879 251
-11.9531 1.06042 254
-11.9531 1.06042 255
-11.9531 1.06042 256
-11.9531 1.06042 257
-10.957 0.972056 259
-10.957 0.972056 260
-10.957 0.972056 261
-10.957 0.972056 262
-10.957 0.972056 263
-10.957 0.972056 264
-10.957 0.972056 265
-10.957 0.972056 266
-10.957 0.972056 267
-10.957 0.972056 268
-10.957 0.972056 269
-10.957 0.972056 270
-10.957 0.972056 271
-9.96088 0.883687 272
-9.96088 0.883687 273
-9.96088 0.883687 274
-9.96088 0.883687 275
-9.96088 0.883687 276
-9.96088 0.883687 277
-9.96088 0.883687 278
-9.96088 0.883687 279
-8.96479 0.795318 282
-8.96479 0.795318 283
-8.96479 0.795318 284
-8.96479 0.795318 285
-7.9687 0.706949 289
-7.9687 0.706949 290
-7.9687 0.706949 291
-6.97261 0.618581 294
-6.97261 0.618581 295
-6.97261 0.618581 296
-2.76939 13.7234 234
-2.76939 13.7234 235
-2.76939 13.7234 236
-2.76939 13.7234 237
-2.76939 13.7234 238
-2.76939 13.7234 239
-2.76939 13.7234 240
-2.76939 13.7234 241
-2.76939 13.7234 242
-2.76939 13.7234 243
-2.76939 13.7234 244
-2.76939 13.7234 245
-2.57158 12.7431 248
-2.57158 12.7431 249
-2.57158 12.7431 250
-2.37376 11.7629 252
-2.37376 11.7629 253
-2.37376 11.7629 254
-2.37376 11.7629 255
-2.17595 10.7826 258
-2.17595 10.7826 259
-2.17595 10.7826 260
-2.17595 10.7826 261
-2.17595 10.7826 262
-2.17595 10.7826 263
-2.17595 10.7826 264
-2.17595 10.7826 265
-2.17595 10.7826 266
-2.17595 10.7826 267
-1.97814 9.8024 270
-1.97814 9.8024 271
-1.97814 9.8024 272
-1.97814 9.8024 273
-1.97814 9.8024 274
-1.97814 9.8024 275
-1.97814 9.8024 276
-1.97814 9.8024 277
-1.78032 8.82216 278
-1.78032 8.82216 279
-1.78032 8.82216 280
-1.78032 8.82216 281
-1.78032 8.82216 282
-1.78032 8.82216 283
-1.78032 8.82216 284
-1.58251 7.84192 287
-1.58251 7.84192 288
-1.58251 7.84192 289
-1.58251 7.84192 290
-1.3847 6.86168 293
-1.3847 6.86168 294
-1.3847 6.86168 295
-1.18688 5.88144 299
12.3741 6.54843 234
12.3741 6.54843 235
12.3741 6.54843 236
12.3741 6.54843 237
12.3741 6.54843 238
12.3741 6.54843 239
12.3741 6.54843 240
12.3741 6.54843 241
12.3741 6.54843 242
12.3741 6.54843 243
12.3741 6.54843 244
12.3741 6.54843 245
11.4902 6.08069 248
11.4902 6.08069 249
11.4902 6.08069 250
10.6064 5.61294 252
10.6064 5.61294 253
10.6064 5.61294 254
10.6064 5.61294 255
9.7225 5.1452 258
9.7225 5.1452 259
9.7225 5.1452 260
9.7225 5.1452 261
9.7225 5.1452 262
9.7225 5.1452 263
9.7225 5.1452 264
9.7225 5.1452 265
9.7225 5.1452 266
9.7225 5.1452 267
8.83863 4.67745 270
8.83863 4.67745 271
8.83863 4.67745 272
8.83863 4.67745 273
8.83863 4.67745 274
8.83863 4.67745 275
8.83863 4.67745 276
8.83863 4.67745 277
7.95477 4.20971 278
7.95477 4.20971 279
7.95477 4.20971 280
7.95477 4.20971 281
7.95477 4.20971 282
7.95477 4.20971 283
7.95477 4.20971 284
7.07091 3.74196 287
7.07091 3.74196 288
7.07091 3.74196 289
7.07091 3.74196 290
6.18704 3.27422 293
6.18704 3.27422 294
6.18704 3.27422 295
5.30318 2.80647 299
9.78951 -10.0083 223
9.78951 -10.0083 224
9.78951 -10.0083 225
9.78951 -10.0083 226
9.09026 -9.29339 240
9.09026 -9.29339 241
9.09026 -9.29339 242
9.09026 -9.29339 243
9.09026 -9.29339 244
9.09026 -9.29339 245
9.09026 -9.29339 246
9.09026 -9.29339 247
9.09026 -9.29339 248
9.09026 -9.29339 249
8.39101 -8.57852 251
8.39101 -8.57852 252
7.69176 -7.86364 255
7.69176 -7.86364 256
7.69176 -7.86364 257
7.69176 -7.86364 258
7.69176 -7.86364 259
7.69176 -7.86364 260
7.69176 -7.86364 261
7.69176 -7.86364 262
6.99251 -7.14876 266
6.99251 -7.14876 267
6.99251 -7.14876 268
6.99251 -7.14876 269
6.99251 -7.14876 270
6.99251 -7.14876 271
6.99251 -7.14876 272
6.99251 -7.14876 273
6.99251 -7.14876 274
6.99251 -7.14876 275
6.29326 -6.43389 277
6.29326 -6.43389 278
6.29326 -6.43389 279
6.29326 -6.43389 280
6.29326 -6.43389 281
6.29326 -6.43389 282
5.59401 -5.71901 285
5.59401 -5.71901 286
5.59401 -5.71901 287
5.59401 -5.71901 288
4.89476 -5.00414 292
4.89476 -5.00414 293
4.1955 -4.28926 297
4.1955 -4.28926 298
-6.82026 -12.2264 223
-6.82026 -12.2264 224
-6.82026 -12.2264 225
-6.3331 -11.3531 238
-6.3331 -11.3531 239
-6.3331 -11.3531 240
-6.3331 -11.3531 241
-6.3331 -11.3531 242
-6.3331 -11.3531 243
-6.3331 -11.3531 244
-6.3331 -11.3531 245
-6.3331 -11.3531 246
-6.3331 -11.3531 247
-6.3331 -11.3531 248
-6.3331 -11.3531 249
-5.84594 -10.4797 251
-5.84594 -10.4797 252
-5.35877 -9.60643 254
-5.35877 -9.60643 255
-5.35877 -9.60643 256
-5.35877 -9.60643 257
-5.35877 -9.60643 258
-5.35877 -9.60643 259
-5.35877 -9.60643 260
-5.35877 -9.60643 261
-4.87161 -8.73312 265
-4.87161 -8.73312 266
-4.87161 -8.73312 267
-4.87161 -8.73312 268
-4.87161 -8.73312 269
-4.87161 -8.73312 270
-4.87161 -8.73312 271
-4.87161 -8.73312 272
-4.87161 -8.73312 273
-4.87161 -8.73312 274
-4.38445 -7.85981 275
-4.38445 -7.85981 276
-4.38445 -7.85981 277
-4.38445 -7.85981 278
-4.38445 -7.85981 279
-4.38445 -7.85981 280
-4.38445 -7.85981 281
-3.89729 -6.9865 284
-3.89729 -6.9865 285
-3.89729 -6.9865 286
-3.89729 -6.9865 287
-3.89729 -6.9865 288
-3.41013 -6.11318 291
-3.41013 -6.11318 292
-3.41013 -6.11318 293
-2.92297 -5.23987 296
-2.92297 -5.23987 297
-1.94865 -3.49325 304
-12.6832 2.85253 237
-12.6832 2.85253 238
-12.6832 2.85253 239
-12.6832 2.85253 240
-12.6832 2.85253 241
-12.6832 2.85253 242
-12.6832 2.85253 243
-12.6832 2.85253 244
-12.6832 2.85253 245
-12.6832 2.85253 246
-12.6832 2.85253 247
-12.6832 2.85253 248
-11.7076 2.6331 250
-11.7076 2.6331 251
-10.7319 2.41368 254
-10.7319 2.41368 255
-10.7319 2.41368 256
-10.7319 2.41368 257
-10.7319 2.41368 258
-10.7319 2.41368 259
-10.7319 2.41368 260
-9.75629 2.19425 264
-9.75629 2.19425 265
-9.75629 2.19425 266
-9.75629 2.19425 267
-9.75629 2.19425 268
-9.75629 2.19425 269
-9.75629 2.19425 270
-9.75629 2.19425 271
-9.75629 2.19425 272
-9.75629 2.19425 273
-8.78066 1.97483 274
-8.78066 1.97483 275
-8.78066 1.97483 276
-8.78066 1.97483 277
-8.78066 1.97483 278
-8.78066 1.97483 279
-8.78066 1.97483 280
-8.78066 1.97483 281
-7.80503 1.7554 283
-7.80503 1.7554 284
-7.80503 1.7554 285
-7.80503 1.7554 286
-7.80503 1.7554 287
-6.82941 1.53598 290
-6.82941 1.53598 291
-6.82941 1.53598 292
-6.82941 1.53598 293
-5.85378 1.31655 295
-5.85378 1.31655 296
-5.85378 1.31655 297
-0.86238 12.9714 236
-0.86238 12.9714 237
-0.86238 12.9714 238
-0.86238 12.9714 239
-0.86238 12.9714 240
-0.86238 12.9714 241
-0.86238 12.9714 242
-0.86238 12.9714 243
-0.86238 12.9714 244
-0.86238 12.9714 245
-0.86238 12.9714 246
-0.86238 12.9714 247
-0.796043 11.9736 250
-0.796043 11.9736 251
-0.729706 10.9758 253
-0.729706 10.9758 254
-0.729706 10.9758 255
-0.729706 10.9758 256
-0.729706 10.9758 257
-0.729706 10.9758 258
-0.729706 10.9758 259
-0.663369 9.97797 261
-0.663369 9.97797 262
-0.663369 9.97797 263
-0.663369 9.97797 264
-0.663369 9.97797 265
-0.663369 9.97797 266
-0.663369 9.97797 267
-0.663369 9.97797 268
-0.663369 9.97797 269
-0.663369 9.97797 270
-0.663369 9.97797 271
-0.663369 9.97797 272
-0.663369 9.97797 273
-0.597032 8.98018 274
-0.597032 8.98018 275
-0.597032 8.98018 276
-0.597032 8.98018 277
-0.597032 8.98018 278
-0.597032 8.98018 279
-0.530695 7.98238 282
-0.530695 7.98238 283
-0.530695 7.98238 284
-0.530695 7.98238 285
-0.530695 7.98238 286
-0.530695 7.98238 287
-0.464359 6.98458 290
-0.464359 6.98458 291
-0.464359 6.98458 292
-0.398022 5.98678 295
-0.398022 5.98678 296
-0.398022 5.98678 297
-0.331685 4.98899 300
-0.199011 2.99339 307
12.1939 4.50644 238
12.1939 4.50644 239
12.1939 4.50644 240
12.1939 4.50644 241
12.1939 4.50644 242
12.1939 4.50644 243
12.1939 4.50644 244
12.1939 4.50644 245
12.1939 4.50644 246
12.1939 4.50644 247
11.2559 4.15979 249
11.2559 4.15979 250
11.2559 4.15979 251
10.3179 3.81314 252
10.3179 3.81314 253
10.3179 3.81314 254
10.3179 3.81314 255
10.3179 3.81314 256
10.3179 3.81314 257
10.3179 3.81314 258
10.3179 3.81314 259
9.37995 3.46649 260
9.37995 3.46649 261
9.37995 3.46649 262
9.37995 3.46649 263
9.37995 3.46649 264
9.37995 3.46649 265
9.37995 3.46649 266
9.37995 3.46649 267
9.37995 3.46649 268
9.37995 3.46649 269
9.37995 3.46649 270
9.37995 3.46649 271
9.37995 3.46649 272
8.44195 3.11985 273
8.44195 3.11985 274
8.44195 3.11985 275
8.44195 3.11985 276
8.44195 3.11985 277
8.44195 3.11985 278
8.44195 3.11985 279
7.50396 2.7732 282
7.50396 2.7732 283
7.50396 2.7732 284
7.50396 2.7732 285
7.50396 2.7732 286
7.50396 2.7732 287
6.56596 2.42655 288
6.56596 2.42655 289
6.56596 2.42655 290
6.56596 2.42655 291
5.62797 2.0799 294
5.62797 2.0799 295
5.62797 2.0799 296
4.68997 1.73325 299
2.81398 1.03995 306
7.78029 -10.4148 238
7.78029 -10.4148 239
7.78029 -10.4148 240
7.78029 -10.4148 241
7.78029 -10.4148 242
7.78029 -10.4148 243
7.78029 -10.4148 244
7.78029 -10.4148 245
7.78029 -10.4148 246
7.78029 -10.4148 247
7.18181 -9.61362 249
7.18181 -9.61362 250
7.18181 -9.61362 251
6.58333 -8.81248 252
6.58333 -8.81248 253
6.58333 -8.81248 254
6.58333 -8.81248 255
6.58333 -8.81248 256
6.58333 -8.81248 257
6.58333 -8.81248 258
6.58333 -8.81248 259
5.98484 -8.01135 260
5.98484 -8.01135 261
5.98484 -8.01135 262
5.98484 -8.01135 263
5.98484 -8.01135 264
5.98484 -8.01135 265
5.98484 -8.01135 266
5.98484 -8.01135 267
5.98484 -8.01135 268
5.98484 -8.01135 269
5.98484 -8.01135 270
5.98484 -8.01135 271
5.98484 -8.01135 272
5.38636 -7.21021 273
5.38636 -7.21021 274
5.38636 -7.21021 275
5.38636 -7.21021 276
5.38636 -7.21021 277
5.38636 -7.21021 278
5.38636 -7.21021 279
4.78787 -6.40908 282
4.78787 -6.40908 283
4.78787 -6.40908 284
4.78787 -6.40908 285
4.78787 -6.40908 286
4.78787 -6.40908 287
4.18939 -5.60794 288
4.18939 -5.60794 289
4.18939 -5.60794 290
4.18939 -5.60794 291
3.59091 -4.80681 294
3.59091 -4.80681 295
3.59091 -4.80681 296
2.99242 -4.00567 299
1.79545 -2.4034 306
-7.77998 -10.415 236
-7.77998 -10.415 237
-7.77998 -10.415 238
-7.77998 -10.415 239
-7.77998 -10.415 240
-7.77998 -10.415 241
-7.77998 -10.415 242
-7.77998 -10.415 243
-7.77998 -10.415 244
-7.77998 -10.415 245
-7.77998 -10.415 246
-7.77998 -10.415 247
-7.18152 -9.61383 248
-7.18152 -9.61383 249
-7.18152 -9.61383 250
-6.58306 -8.81268 252
-6.58306 -8.81268 253
-6.58306 -8.81268 254
-6.58306 -8.81268 255
-6.58306 -8.81268 256
-6.58306 -8.81268 257
-6.58306 -8.81268 258
-6.58306 -8.81268 259
-5.9846 -8.01153 260
-5.9846 -8.01153 261
-5.9846 -8.01153 262
-5.9846 -8.01153 263
-5.9846 -8.01153 264
-5.9846 -8.01153 265
-5.9846 -8.01153 266
-5.9846 -8.01153 267
-5.9846 -8.01153 268
-5.9846 -8.01153 269
-5.9846 -8.01153 270
-5.9846 -8.01153 271
-5.9846 -8.01153 272
-5.38614 -7.21037 273
-5.38614 -7.21037 274
-5.38614 -7.21037 275
-5.38614 -7.21037 276
-5.38614 -7.21037 277
-5.38614 -7.21037 278
-5.38614 -7.21037 279
-4.78768 -6.40922 280
-4.78768 -6.40922 281
-4.78768 -6.40922 282
-4.78768 -6.40922 283
-4.78768 -6.40922 284
-4.78768 -6.40922 285
-4.78768 -6.40922 286
-4.18922 -5.60807 288
-4.18922 -5.60807 289
-4.18922 -5.60807 290
-4.18922 -5.60807 291
-3.59076 -4.80692 294
-3.59076 -4.80692 295
-3.59076 -4.80692 296
-2.9923 -4.00576 299
-2.39384 -3.20461 303
-1.79538 -2.40346 306
-12.1941 4.50608 236
-12.1941 4.50608 237
-12.1941 4.50608 238
-12.1941 4.50608 239
-12.1941 4.50608 240
-12.1941 4.50608 241
-12.1941 4.50608 242
-12.1941 4.50608 243
-12.1941 4.50608 244
-12.1941 4.50608 245
-12.1941 4.50608 246
-12.1941 4.50608 247
-11.2561 4.15945 248
-11.2561 4.15945 249
-11.2561 4.15945 250
-10.3181 3.81283 252
-10.3181 3.81283 253
-10.3181 3.81283 254
-10.3181 3.81283 255
-10.3181 3.81283 256
-10.3181 3.81283 257
-10.3181 3.81283 258
-10.3181 3.81283 259
-9.38005 3.46621 260
-9.38005 3.46621 261
-9.38005 3.46621 262
-9.38005 3.46621 263
-9.38005 3.46621 264
-9.38005 3.46621 265
-9.38005 3.46621 266
-9.38005 3.46621 267
-9.38005 3.46621 268
-9.38005 3.46621 269
-9.38005 3.46621 270
-9.38005 3.46621 271
-9.38005 3.46621 272
-8.44205 3.11959 273
-8.44205 3.11959 274
-8.44205 3.11959 275
-8.44205 3.11959 276
-8.44205 3.11959 277
-8.44205 3.11959 278
-8.44205 3.11959 279
-7.50404 2.77297 280
-7.50404 2.77297 281
-7.50404 2.77297 282
-7.50404 2.77297 283
-7.50404 2.77297 284
-7.50404 2.77297 285
-7.50404 2.77297 286
-6.56604 2.42635 288
-6.56604 2.42635 289
-6.56604 2.42635 290
-6.56604 2.42635 291
-5.62803 2.07973 294
-5.62803 2.07973 295
-5.62803 2.07973 296
-4.69003 1.73311 299
-3.75202 1.38648 303
-2.81402 1.03986 306
0.861989 12.9714 236
0.861989 12.9714 237
0.861989 12.9714 238
0.861989 12.9714 239
0.861989 12.9714 240
0.861989 12.9714 241
0.861989 12.9714 242
0.861989 12.9714 243
0.861989 12.9714 244
0.861989 12.9714 245
0.861989 12.9714 246
0.861989 12.9714 247
0.795682 11.9736 248
0.795682 11.9736 249
0.795682 11.9736 250
0.729375 10.9758 252
0.729375 10.9758 253
0.729375 10.9758 254
0.729375 10.9758 255
0.729375 10.9758 256
0.729375 10.9758 257
0.729375 10.9758 258
0.729375 10.9758 259
0.663069 9.97799 260
0.663069 9.97799 261
0.663069 9.97799 262
0.663069 9.97799 263
0.663069 9.97799 264
0.663069 9.97799 265
0.663069 9.97799 266
0.663069 9.97799 267
0.663069 9.97799 268
0.663069 9.97799 269
0.663069 9.97799 270
0.663069 9.97799 271
0.663069 9.97799 272
0.596762 8.98019 273
0.596762 8.98019 274
0.596762 8.98019 275
0.596762 8.98019 276
0.596762 8.98019 277
0.596762 8.98019 278
0.596762 8.98019 279
0.530455 7.98239 280
0.530455 7.98239 281
0.530455 7.98239 282
0.530455 7.98239 283
0.530455 7.98239 284
0.530455 7.98239 285
0.530455 7.98239 286
0.464148 6.98459 288
0.464148 6.98459 289
0.464148 6.98459 290
0.464148 6.98459 291
0.397841 5.9868 294
0.397841 5.9868 295
0.397841 5.9868 296
0.331534 4.989 299
0.265227 3.9912 303
0.198921 2.9934 306
12.6831 2.85291 236
12.6831 2.85291 237
12.6831 2.85291 238
12.6831 2.85291 239
12.6831 2.85291 240
12.6831 2.85291 241
12.6831 2.85291 242
12.6831 2.85291 243
12.6831 2.85291 244
12.6831 2.85291 245
12.6831 2.85291 246
12.6831 2.85291 247
11.7075 2.63346 248
11.7075 2.63346 249
11.7075 2.63346 250
10.7318 2.414 252
10.7318 2.414 253
10.7318 2.414 254
10.7318 2.414 255
10.7318 2.414 256
10.7318 2.414 257
10.7318 2.414 258
10.7318 2.414 259
9.75623 2.19455 260
9.75623 2.19455 261
9.75623 2.19455 262
9.75623 2.19455 263
9.75623 2.19455 264
9.75623 2.19455 265
9.75623 2.19455 266
9.75623 2.19455 267
9.75623 2.19455 268
9.75623 2.19455 269
9.75623 2.19455 270
9.75623 2.19455 271
9.75623 2.19455 272
8.7806 1.97509 273
8.7806 1.97509 274
8.7806 1.97509 275
8.7806 1.97509 276
8.7806 1.97509 277
8.7806 1.97509 278
8.7806 1.97509 279
7.80498 1.75564 280
7.80498 1.75564 281
7.80498 1.75564 282
7.80498 1.75564 283
7.80498 1.75564 284
7.80498 1.75564 285
7.80498 1.75564 286
6.82936 1.53618 288
6.82936 1.53618 289
6.82936 1.53618 290
6.82936 1.53618 291
5.85374 1.31673 294
5.85374 1.31673 295
5.85374 1.31673 296
4.87811 1.09727 299
3.90249 0.877819 303
2.92687 0.658364 306
6.33344 -11.3529 236
6.33344 -11.3529 237
6.33344 -11.3529 238
6.33344 -11.3529 239
6.33344 -11.3529 240
6.33344 -11.3529 241
6.33344 -11.3529 242
6.33344 -11.3529 243
6.33344 -11.3529 244
6.33344 -11.3529 245
6.33344 -11.3529 246
6.33344 -11.3529 247
5.84625 -10.4796 248
5.84625 -10.4796 249
5.84625 -10.4796 250
5.35906 -9.60627 252
5.35906 -9.60627 253
5.35906 -9.60627 254
5.35906 -9.60627 255
5.35906 -9.60627 256
5.35906 -9.60627 257
5.35906 -9.60627 258
5.35906 -9.60627 259
4.87188 -8.73297 260
4.87188 -8.73297 261
4.87188 -8.73297 262
4.87188 -8.73297 263
4.87188 -8.73297 264
4.87188 -8.73297 265
4.87188 -8.73297 266
4.87188 -8.73297 267
4.87188 -8.73297 268
4.87188 -8.73297 269
4.87188 -8.73297 270
4.87188 -8.73297 271
4.87188 -8.73297 272
4.38469 -7.85968 273
4.38469 -7.85968 274
4.38469 -7.85968 275
4.38469 -7.85968 276
4.38469 -7.85968 277
4.38469 -7.85968 278
4.38469 -7.85968 279
3.8975 -6.98638 280
3.8975 -6.98638 281
3.8975 -6.98638 282
3.8975 -6.98638 283
3.8975 -6.98638 284
3.8975 -6.98638 285
3.8975 -6.98638 286
3.41031 -6.11308 288
3.41031 -6.11308 289
3.41031 -6.11308 290
3.41031 -6.11308 291
2.92313 -5.23978 294
2.92313 -5.23978 295
2.92313 -5.23978 296
2.43594 -4.36649 299
1.94875 -3.49319 303
1.46156 -2.61989 306
-9.08998 -9.29367 236
-9.08998 -9.29367 237
-9.08998 -9.29367 238
-9.08998 -9.29367 239
-9.08998 -9.29367 240
-9.08998 -9.29367 241
-9.08998 -9.29367 242
-9.08998 -9.29367 243
-9.08998 -9.29367 244
-9.08998 -9.29367 245
-9.08998 -9.29367 246
-9.08998 -9.29367 247
-8.39075 -8.57877 248
-8.39075 -8.57877 249
-8.39075 -8.57877 250
-7.69152 -7.86387 252
-7.69152 -7.86387 253
-7.69152 -7.86387 254
-7.69152 -7.86387 255
-7.69152 -7.86387 256
-7.69152 -7.86387 257
-7.69152 -7.86387 258
-7.69152 -7.86387 259
-6.99229 -7.14897 260
-6.99229 -7.14897 261
-6.99229 -7.14897 262
-6.99229 -7.14897 263
-6.99229 -7.14897 264
-6.99229 -7.14897 265
-6.99229 -7.14897 266
-6.99229 -7.14897 267
-6.99229 -7.14897 268
-6.99229 -7.14897 269
-6.99229 -7.14897 270
-6.99229 -7.14897 271
-6.99229 -7.14897 272
-6.29306 -6.43408 273
-6.29306 -6.43408 274
-6.29306 -6.43408 275
-6.29306 -6.43408 276
-6.29306 -6.43408 277
-6.29306 -6.43408 278
-6.29306 -6.43408 279
-5.59383 -5.71918 280
-5.59383 -5.71918 281
-5.59383 -5.71918 282
-5.59383 -5.71918 283
-5.59383 -5.71918 284
-5.59383 -5.71918 285
-5.59383 -5.71918 286
-4.8946 -5.00428 288
-4.8946 -5.00428 289
-4.8946 -5.00428 290
-4.8946 -5.00428 291
-4.19538 -4.28938 294
-4.19538 -4.28938 295
-4.19538 -4.28938 296
-3.49615 -3.57449 299
-2.79692 -2.85959 303
-2.09769 -2.14469 306
-11.4904 6.08034 236
-11.4904 6.08034 237
-11.4904 6.08034 238
-11.4904 6.08034 239
-11.4904 6.08034 240
-11.4904 6.08034 241
-11.4904 6.08034 242
-11.4904 6.08034 243
-11.4904 6.08034 244
-11.4904 6.08034 245
-11.4904 6.08034 246
-11.4904 6.08034 247
-10.6065 5.61262 248
-10.6065 5.61262 249
-10.6065 5.61262 250
-9.72265 5.1449 252
-9.72265 5.1449 253
-9.72265 5.1449 254
-9.72265 5.1449 255
-9.72265 5.1449 256
-9.72265 5.1449 257
-9.72265 5.1449 258
-9.72265 5.1449 259
-8.83877 4.67719 260
-8.83877 4.67719 261
-8.83877 4.67719 262
-8.83877 4.67719 263
-8.83877 4.67719 264
-8.83877 4.67719 265
-8.83877 4.67719 266
-8.83877 4.67719 267
-8.83877 4.67719 268
-8.83877 4.67719 269
-8.83877 4.67719 270
-8.83877 4.67719 271
-8.83877 4.67719 272
-7.9549 4.20947 273
-7.9549 4.20947 274
-7.9549 4.20947 275
-7.9549 4.20947 276
-7.9549 4.20947 277
-7.9549 4.20947 278
-7.9549 4.20947 279
-7.07102 3.74175 280
-7.07102 3.74175 281
-7.07102 3.74175 282
-7.07102 3.74175 283
-7.07102 3.74175 284
-7.07102 3.74175 285
-7.07102 3.74175 286
-6.18714 3.27403 288
-6.18714 3.27403 289
-6.18714 3.27403 290
-6.18714 3.27403 291
-5.30326 2.80631 294
-5.30326 2.80631 295
-5.30326 2.80631 296
-4.41939 2.33859 299
-3.53551 1.87087 303
-2.65163 1.40316 306
2.57119 12.7432 236
2.57119 12.7432 237
2.57119 12.7432 238
2.57119 12.7432 239
2.57119 12.7432 240
2.57119 12.7432 241
2.57119 12.7432 242
2.57119 12.7432 243
2.57119 12.7432 244
2.57119 12.7432 245
2.57119 12.7432 246
2.57119 12.7432 247
2.37341 11.7629 248
2.37341 11.7629 249
2.37341 11.7629 250
2.17562 10.7827 252
2.17562 10.7827 253
2.17562 10.7827 254
2.17562 10.7827 255
2.17562 10.7827 256
2.17562 10.7827 257
2.17562 10.7827 258
2.17562 10.7827 259
1.97784 9.80246 260
1.97784 9.80246 261
1.97784 9.80246 262
1.97784 9.80246 263
1.97784 9.80246 264
1.97784 9.80246 265
1.97784 9.80246 266
1.97784 9.80246 267
1.97784 9.80246 268
1.97784 9.80246 269
1.97784 9.80246 270
1.97784 9.80246 271
1.97784 9.80246 272
1.78006 8.82221 273
1.78006 8.82221 274
1.78006 8.82221 275
1.78006 8.82221 276
1.78006 8.82221 277
1.78006 8.82221 278
1.78006 8.82221 279
1.58227 7.84197 280
1.58227 7.84197 281
1.58227 7.84197 282
1.58227 7.84197 283
1.58227 7.84197 284
1.58227 7.84197 285
1.58227 7.84197 286
1.38449 6.86172 288
1.38449 6.86172 289
1.38449 6.86172 290
1.38449 6.86172 291
1.1867 5.88147 294
1.1867 5.88147 295
1.1867 5.88147 296
0.98892 4.90123 299
0.791136 3.92098 303
0.593352 2.94074 306
12.9491 1.14918 236
12.9491 1.14918 237
12.9491 1.14918 238
12.9491 1.14918 239
12.9491 1.14918 240
12.9491 1.14918 241
12.9491 1.14918 242
12.9491 1.14918 243
12.9491 1.14918 244
12.9491 1.14918 245
12.9491 1.14918 246
12.9491 1.14918 247
11.953 1.06078 248
11.953 1.06078 249
11.953 1.06078 250
10.9569 0.972386 252
10.9569 0.972386 253
10.9569 0.972386 254
10.9569 0.972386 255
10.9569 0.972386 256
10.9569 0.972386 257
10.9569 0.972386 258
10.9569 0.972386 259
9.96085 0.883987 260
9.96085 0.883987 261
9.96085 0.883987 262
9.96085 0.883987 263
9.96085 0.883987 264
9.96085 0.883987 265
9.96085 0.883987 266
9.96085 0.883987 267
9.96085 0.883987 268
9.96085 0.883987 269
9.96085 0.883987 270
9.96085 0.883987 271
9.96085 0.883987 272
8.96477 0.795588 273
8.96477 0.795588 274
8.96477 0.795588 275
8.96477 0.795588 276
8.96477 0.795588 277
8.96477 0.795588 278
8.96477 0.795588 279
7.96868 0.70719 280
7.96868 0.70719 281
7.96868 0.70719 282
7.96868 0.70719 283
7.96868 0.70719 284
7.96868 0.70719 285
7.96868 0.70719 286
6.9726 0.618791 288
6.9726 0.618791 289
6.9726 0.618791 290
6.9726 0.618791 291
5.97651 0.530392 294
5.97651 0.530392 295
5.97651 0.530392 296
4.98043 0.441994 299
3.98434 0.353595 303
2.98826 0.265196 306
4.77515 -12.0912 236
4.77515 -12.0912 237
4.77515 -12.0912 238
4.77515 -12.0912 239
4.77515 -12.0912 240
4.77515 -12.0912 241
4.77515 -12.0912 242
4.77515 -12.0912 243
4.77515 -12.0912 244
4.77515 -12.0912 245
4.77515 -12.0912 246
4.77515 -12.0912 247
4.40783 -11.1611 248
4.40783 -11.1611 249
4.40783 -11.1611 250
4.04051 -10.231 252
4.04051 -10.231 253
4.04051 -10.231 254
4.04051 -10.231 255
4.04051 -10.231 256
4.04051 -10.231 257
4.04051 -10.231 258
4.04051 -10.231 259
3.67319 -9.30095 260
3.67319 -9.30095 261
3.67319 -9.30095 262
3.67319 -9.30095 263
3.67319 -9.30095 264
3.67319 -9.30095 265
3.67319 -9.30095 266
3.67319 -9.30095 267
3.67319 -9.30095 268
3.67319 -9.30095 269
3.67319 -9.30095 270
3.67319 -9.30095 271
3.67319 -9.30095 272
3.30587 -8.37085 273
3.30587 -8.37085 274
3.30587 -8.37085 275
3.30587 -8.37085 276
3.30587 -8.37085 277
3.30587 -8.37085 278
3.30587 -8.37085 279
2.93856 -7.44076 280
2.93856 -7.44076 281
2.93856 -7.44076 282
2.93856 -7.44076 283
2.93856 -7.44076 284
2.93856 -7.44076 285
2.93856 -7.44076 286
2.57124 -6.51066 288
2.57124 -6.51066 289
2.57124 -6.51066 290
2.57124 -6.51066 291
2.20392 -5.58057 294
2.20392 -5.58057 295
2.20392 -5.58057 296
1.8366 -4.65047 299
1.46928 -3.72038 303
1.10196 -2.79028 306
-10.24 -8.00883 236
-10.24 -8.00883 237
-10.24 -8.00883 238
-10.24 -8.00883 239
-10.24 -8.00883 240
-10.24 -8.00883 241
-10.24 -8.00883 242
-10.24 -8.00883 243
-10.24 -8.00883 244
-10.24 -8.00883 245
-10.24 -8.00883 246
-10.24 -8.00883 247
-9.45235 -7.39277 248
-9.45235 -7.39277 249
-9.45235 -7.39277 250
-8.66466 -6.77671 252
-8.66466 -6.77671 253
-8.66466 -6.77671 254
-8.66466 -6.77671 255
-8.66466 -6.77671 256
-8.66466 -6.77671 257
-8.66466 -6.77671 258
-8.66466 -6.77671 259
-7.87696 -6.16064 260
-7.87696 -6.16064 261
-7.87696 -6.16064 262
-7.87696 -6.16064 263
-7.87696 -6.16064 264
-7.87696 -6.16064 265
-7.87696 -6.16064 266
-7.87696 -6.16064 267
-7.87696 -6.16064 268
-7.87696 -6.16064 269
-7.87696 -6.16064 270
-7.87696 -6.16064 271
-7.87696 -6.16064 272
-7.08926 -5.54458 273
-7.08926 -5.54458 274
-7.08926 -5.54458 275
-7.08926 -5.54458 276
-7.08926 -5.54458 277
-7.08926 -5.54458 278
-7.08926 -5.54458 279
-6.30157 -4.92851 280
-6.30157 -4.92851 281
-6.30157 -4.92851 282
-6.30157 -4.92851 283
-6.30157 -4.92851 284
-6.30157 -4.92851 285
-6.30157 -4.92851 286
-5.51387 -4.31245 288
-5.51387 -4.31245 289
-5.51387 -4.31245 290
-5.51387 -4.31245 291
-4.72618 -3.69639 294
-4.72618 -3.69639 295
-4.72618 -3.69639 296
-3.93848 -3.08032 299
-3.15078 -2.46426 303
-2.36309 -1.84819 306
-10.5846 7.54763 236
-10.5846 7.54763 237
-10.5846 7.54763 238
-10.5846 7.54763 239
-10.5846 7.54763 240
-10.5846 7.54763 241
-10.5846 7.54763 242
-10.5846 7.54763 243
-10.5846 7.54763 244
-10.5846 7.54763 245
-10.5846 7.54763 246
-10.5846 7.54763 247
-9.77038 6.96704 248
-9.77038 6.96704 249
-9.77038 6.96704 250
-8.95618 6.38645 252
-8.95618 6.38645 253
-8.95618 6.38645 254
-8.95618 6.38645 255
-8.95618 6.38645 256
-8.95618 6.38645 257
-8.95618 6.38645 258
-8.95618 6.38645 259
-8.14198 5.80587 260
-8.14198 5.80587 261
-8.14198 5.80587 262
-8.14198 5.80587 263
-8.14198 5.80587 264
-8.14198 5.80587 265
-8.14198 5.80587 266
-8.14198 5.80587 267
-8.14198 5.80587 268
-8.14198 5.80587 269
-8.14198 5.80587 270
-8.14198 5.80587 271
-8.14198 5.80587 272
-7.32779 5.22528 273
-7.32779 5.22528 274
-7.32779 5.22528 275
-7.32779 5.22528 276
-7.32779 5.22528 277
-7.32779 5.22528 278
-7.32779 5.22528 279
-6.51359 4.64469 280
-6.51359 4.64469 281
-6.51359 4.64469 282
-6.51359 4.64469 283
-6.51359 4.64469 284
-6.51359 4.64469 285
-6.51359 4.64469 286
-5.69939 4.06411 288
-5.69939 4.06411 289
-5.69939 4.06411 290
-5.69939 4.06411 291
-4.88519 3.48352 294
-4.88519 3.48352 295
-4.88519 3.48352 296
-4.07099 2.90293 299
-3.25679 2.32235 303
-2.4426 1.74176 306
4.23516 12.2908 236
4.23516 12.2908 237
4.23516 12.2908 238
4.23516 12.2908 239
4.23516 12.2908 240
4.23516 12.2908 241
4.23516 12.2908 242
4.23516 12.2908 243
4.23516 12.2908 244
4.23516 12.2908 245
4.23516 12.2908 246
4.23516 12.2908 247
3.90938 11.3453 248
3.90938 11.3453 249
3.90938 11.3453 250
3.58359 10.3999 252
3.58359 10.3999 253
3.58359 10.3999 254
3.58359 10.3999 255
3.58359 10.3999 256
3.58359 10.3999 257
3.58359 10.3999 258
3.58359 10.3999 259
3.25781 9.45445 260
3.25781 9.45445 261
3.25781 9.45445 262
3.25781 9.45445 263
3.25781 9.45445 264
3.25781 9.45445 265
3.25781 9.45445 266
3.25781 9.45445 267
3.25781 9.45445 268
3.25781 9.45445 269
3.25781 9.45445 270
3.25781 9.45445 271
3.25781 9.45445 272
2.93203 8.50901 273
2.93203 8.50901 274
2.93203 8.50901 275
2.93203 8.50901 276
2.93203 8.50901 277
2.93203 8.50901 278
2.93203 8.50901 279
2.60625 7.56356 280
2.60625 7.56356 281
2.60625 7.56356 282
2.60625 7.56356 283
2.60625 7.56356 284
2.60625 7.56356 285
2.60625 7.56356 286
2.28047 6.61812 288
2.28047 6.61812 289
2.28047 6.61812 290
2.28047 6.61812 291
1.95469 5.67267 294
1.95469 5.67267 295
1.95469 5.67267 296
1.62891 4.72723 299
1.30313 3.78178 303
0.977344 2.83634 306
12.9873 -0.574763 236
12.9873 -0.574763 237
12.9873 -0.574763 238
12.9873 -0.574763 239
12.9873 -0.574763 240
12.9873 -0.574763 241
12.9873 -0.574763 242
12.9873 -0.574763 243
12.9873 -0.574763 244
12.9873 -0.574763 245
12.9873 -0.574763 246
12.9873 -0.574763 247
11.9883 -0.530551 248
11.9883 -0.530551 249
11.9883 -0.530551 250
10.9892 -0.486338 252
10.9892 -0.486338 253
10.9892 -0.486338 254
10.9892 -0.486338 255
10.9892 -0.486338 256
10.9892 -0.486338 257
10.9892 -0.486338 258
10.9892 -0.486338 259
9.99022 -0.442126 260
9.99022 -0.442126 261
9.99022 -0.442126 262
9.99022 -0.442126 263
9.99022 -0.442126 264
9.99022 -0.442126 265
9.99022 -0.442126 266
9.99022 -0.442126 267
9.99022 -0.442126 268
9.99022 -0.442126 269
9.99022 -0.442126 270
9.99022 -0.442126 271
9.99022 -0.442126 272
8.9912 -0.397913 273
8.9912 -0.397913 274
8.9912 -0.397913 275
8.9912 -0.397913 276
8.9912 -0.397913 277
8.9912 -0.397913 278
8.9912 -0.397913 279
7.99218 -0.353701 280
7.99218 -0.353701 281
7.99218 -0.353701 282
7.99218 -0.353701 283
7.99218 -0.353701 284
7.99218 -0.353701 285
7.99218 -0.353701 286
6.99316 -0.309488 288
6.99316 -0.309488 289
6.99316 -0.309488 290
6.99316 -0.309488 291
5.99413 -0.265275 294
5.99413 -0.265275 295
5.99413 -0.265275 296
4.99511 -0.221063 299
3.99609 -0.17685 303
2.99707 -0.132638 306
3.13285 -12.6169 236
3.13285 -12.6169 237
3.13285 -12.6169 238
3.13285 -12.6169 239
3.13285 -12.6169 240
3.13285 -12.6169 241
3.13285 -12.6169 242
3.13285 -12.6169 243
3.13285 -12.6169 244
3.13285 -12.6169 245
3.13285 -12.6169 246
3.13285 -12.6169 247
2.89186 -11.6463 248
2.89186 -11.6463 249
2.89186 -11.6463 250
2.65087 -10.6758 252
2.65087 -10.6758 253
2.65087 -10.6758 254
2.65087 -10.6758 255
2.65087 -10.6758 256
2.65087 -10.6758 257
2.65087 -10.6758 258
2.65087 -10.6758 259
2.40988 -9.70528 260
2.40988 -9.70528 261
2.40988 -9.70528 262
2.40988 -9.70528 263
2.40988 -9.70528 264
2.40988 -9.70528 265
2.40988 -9.70528 266
2.40988 -9.70528 267
2.40988 -9.70528 268
2.40988 -9.70528 269
2.40988 -9.70528 270
2.40988 -9.70528 271
2.40988 -9.70528 272
2.16889 -8.73475 273
2.16889 -8.73475 274
2.16889 -8.73475 275
2.16889 -8.73475 276
2.16889 -8.73475 277
2.16889 -8.73475 278
2.16889 -8.73475 279
1.92791 -7.76422 280
1.92791 -7.76422 281
1.92791 -7.76422 282
1.92791 -7.76422 283
1.92791 -7.76422 284
1.92791 -7.76422 285
1.92791 -7.76422 286
1.68692 -6.7937 288
1.68692 -6.7937 289
1.68692 -6.7937 290
1.68692 -6.7937 291
1.44593 -5.82317 294
1.44593 -5.82317 295
1.44593 -5.82317 296
1.20494 -4.85264 299
0.963953 -3.88211 303
0.722965 -2.91158 306
-11.2099 -6.58309 236
-11.2099 -6.58309 237
-11.2099 -6.58309 238
-11.2099 -6.58309 239
-11.2099 -6.58309 240
-11.2099 -6.58309 241
-11.2099 -6.58309 242
-11.2099 -6.58309 243
-11.2099 -6.58309 244
-11.2099 -6.58309 245
-11.2099 -6.58309 246
-11.2099 -6.58309 247
-10.3476 -6.0767 248
-10.3476 -6.0767 249
-10.3476 -6.0767 250
-9.48534 -5.57031 252
-9.48534 -5.57031 253
-9.48534 -5.57031 254
-9.48534 -5.57031 255
-9.48534 -5.57031 256
-9.48534 -5.57031 257
-9.48534 -5.57031 258
-9.48534 -5.57031 259
-8.62304 -5.06392 260
-8.62304 -5.06392 261
-8.62304 -5.06392 262
-8.62304 -5.06392 263
-8.62304 -5.06392 264
-8.62304 -5.06392 265
-8.62304 -5.06392 266
-8.62304 -5.06392 267
-8.62304 -5.06392 268
-8.62304 -5.06392 269
-8.62304 -5.06392 270
-8.62304 -5.06392 271
-8.62304 -5.06392 272
-7.76073 -4.55752 273
-7.76073 -4.55752 274
-7.76073 -4.55752 275
-7.76073 -4.55752 276
-7.76073 -4.55752 277
-7.76073 -4.55752 278
-7.76073 -4.55752 279
-6.89843 -4.05113 280
-6.89843 -4.05113 281
-6.89843 -4.05113 282
-6.89843 -4.05113 283
-6.89843 -4.05113 284
-6.89843 -4.05113 285
-6.89843 -4.05113 286
-6.03613 -3.54474 288
-6.03613 -3.54474 289
-6.03613 -3.54474 290
-6.03613 -3.54474 291
-5.17382 -3.03835 294
-5.17382 -3.03835 295
-5.17382 -3.03835 296
-4.31152 -2.53196 299
-3.44921 -2.02557 303
-2.58691 -1.51917 306
-9.49252 8.88212 236
-9.49252 8.88212 237
-9.49252 8.88212 238
-9.49252 8.88212 239
-9.49252 8.88212 240
-9.49252 8.88212 241
-9.49252 8.88212 242
-9.49252 8.88212 243
-9.49252 8.88212 244
-9.49252 8.88212 245
-9.49252 8.88212 246
-9.49252 8.88212 247
-8.76233 8.19888 248
-8.76233 8.19888 249
-8.76233 8.19888 250
-8.03214 7.51564 252
-8.03214 7.51564 253
-8.03214 7.51564 254
-8.03214 7.51564 255
-8.03214 7.51564 256
-8.03214 7.51564 257
-8.03214 7.51564 258
-8.03214 7.51564 259
-7.30194 6.8324 260
-7.30194 6.8324 261
-7.30194 6.8324 262
-7.30194 6.8324 263
-7.30194 6.8324 264
-7.30194 6.8324 265
-7.30194 6.8324 266
-7.30194 6.8324 267
-7.30194 6.8324 268
-7.30194 6.8324 269
-7.30194 6.8324 270
-7.30194 6.8324 271
-7.30194 6.8324 272
-6.57175 6.14916 273
-6.57175 6.14916 274
-6.57175 6.14916 275
-6.57175 6.14916 276
-6.57175 6.14916 277
-6.57175 6.14916 278
-6.57175 6.14916 279
-5.84155 5.46592 280
-5.84155 5.46592 281
-5.84155 5.46592 282
-5.84155 5.46592 283
-5.84155 5.46592 284
-5.84155 5.46592 285
-5.84155 5.46592 286
-5.11136 4.78268 288
-5.11136 4.78268 289
-5.11136 4.78268 290
-5.11136 4.78268 291
-4.38117 4.09944 294
-4.38117 4.09944 295
-4.38117 4.09944 296
-3.65097 3.4162 299
-2.92078 2.73296 303
-2.19058 2.04972 306
5.82461 11.6221 236
5.82461 11.6221 237
5.82461 11.6221 238
5.82461 11.6221 239
5.82461 11.6221 240
5.82461 11.6221 241
5.82461 11.6221 242
5.82461 11.6221 243
5.82461 11.6221 244
5.82461 11.6221 245
5.82461 11.6221 246
5.82461 11.6221 247
5.37656 10.7281 248
5.37656 10.7281 249
5.37656 10.7281 250
4.92851 9.83411 252
4.92851 9.83411 253
4.92851 9.83411 254
4.92851 9.83411 255
4.92851 9.83411 256
4.92851 9.83411 257
4.92851 9.83411 258
4.92851 9.83411 259
4.48047 8.9401 260
4.48047 8.9401 261
4.48047 8.9401 262
4.48047 8.9401 263
4.48047 8.9401 264
4.48047 8.9401 265
4.48047 8.9401 266
4.48047 8.9401 267
4.48047 8.9401 268
4.48047 8.9401 269
4.48047 8.9401 270
4.48047 8.9401 271
4.48047 8.9401 272
4.03242 8.04609 273
4.03242 8.04609 274
4.03242 8.04609 275
4.03242 8.04609 276
4.03242 8.04609 277
4.03242 8.04609 278
4.03242 8.04609 279
3.58437 7.15208 280
3.58437 7.15208 281
3.58437 7.15208 282
3.58437 7.15208 283
3.58437 7.15208 284
3.58437 7.15208 285
3.58437 7.15208 286
3.13633 6.25807 288
3.13633 6.25807 289
3.13633 6.25807 290
3.13633 6.25807 291
2.68828 5.36406 294
2.68828 5.36406 295
2.68828 5.36406 296
2.24023 4.47005 299
1.79219 3.57604 303
1.34414 2.68203 306
12.797 -2.2886 236
12.797 -2.2886 237
12.797 -2.2886 238
12.797 -2.2886 239
12.797 -2.2886 240
12.797 -2.2886 241
12.797 -2.2886 242
12.797 -2.2886 243
12.797 -2.2886 244
12.797 -2.2886 245
12.797 -2.2886 246
12.797 -2.2886 247
11.8126 -2.11255 248
11.8126 -2.11255 249
11.8126 -2.11255 250
10.8282 -1.93651 252
10.8282 -1.93651 253
10.8282 -1.93651 254
10.8282 -1.93651 255
10.8282 -1.93651 256
10.8282 -1.93651 257
10.8282 -1.93651 258
10.8282 -1.93651 259
9.84382 -1.76046 260
9.84382 -1.76046 261
9.84382 -1.76046 262
9.84382 -1.76046 263
9.84382 -1.76046 264
9.84382 -1.76046 265
9.84382 -1.76046 266
9.84382 -1.76046 267
9.84382 -1.76046 268
9.84382 -1.76046 269
9.84382 -1.76046 270
9.84382 -1.76046 271
9.84382 -1.76046 272
8.85944 -1.58441 273
8.85944 -1.58441 274
8.85944 -1.58441 275
8.85944 -1.58441 276
8.85944 -1.58441 277
8.85944 -1.58441 278
8.85944 -1.58441 279
7.87506 -1.40837 280
7.87506 -1.40837 281
7.87506 -1.40837 282
7.87506 -1.40837 283
7.87506 -1.40837 284
7.87506 -1.40837 285
7.87506 -1.40837 286
6.89067 -1.23232 288
6.89067 -1.23232 289
6.89067 -1.23232 290
6.89067 -1.23232 291
5.90629 -1.05628 294
5.90629 -1.05628 295
5.90629 -1.05628 296
4.92191 -0.88023 299
3.93753 -0.704184 303
2.95315 -0.528138 306
1.43542 -12.9205 236
1.43542 -12.9205 237
1.43542 -12.9205 238
1.43542 -12.9205 239
1.43542 -12.9205 240
1.43542 -12.9205 241
1.43542 -12.9205 242
1.43542 -12.9205 243
1.43542 -12.9205 244
1.43542 -12.9205 245
1.43542 -12.9205 246
1.43542 -12.9205 247
1.32501 -11.9266 248
1.32501 -11.9266 249
1.32501 -11.9266 250
1.21459 -10.9327 252
1.21459 -10.9327 253
1.21459 -10.9327 254
1.21459 -10.9327 255
1.21459 -10.9327 256
1.21459 -10.9327 257
1.21459 -10.9327 258
1.21459 -10.9327 259
1.10417 -9.93885 260
1.10417 -9.93885 261
1.10417 -9.93885 262
1.10417 -9.93885 263
1.10417 -9.93885 264
1.10417 -9.93885 265
1.10417 -9.93885 266
1.10417 -9.93885 267
1.10417 -9.93885 268
1.10417 -9.93885 269
1.10417 -9.93885 270
1.10417 -9.93885 271
1.10417 -9.93885 272
0.993755 -8.94497 273
0.993755 -8.94497 274
0.993755 -8.94497 275
0.993755 -8.94497 276
0.993755 -8.94497 277
0.993755 -8.94497 278
0.993755 -8.94497 279
0.883338 -7.95108 280
0.883338 -7.95108 281
0.883338 -7.95108 282
0.883338 -7.95108 283
0.883338 -7.95108 284
0.883338 -7.95108 285
0.883338 -7.95108 286
0.77292 -6.9572 288
0.77292 -6.9572 289
0.77292 -6.9572 290
0.77292 -6.9572 291
0.662503 -5.96331 294
0.662503 -5.96331 295
0.662503 -5.96331 296
0.552086 -4.96943 299
0.441669 -3.97554 303
0.331252 -2.98166 306
-11.9826 -5.04152 236
-11.9826 -5.04152 237
-11.9826 -5.04152 238
-11.9826 -5.04152 239
-11.9826 -5.04152 240
-11.9826 -5.04152 241
-11.9826 -5.04152 242
-11.9826 -5.04152 243
-11.9826 -5.04152 244
-11.9826 -5.04152 245
-11.9826 -5.04152 246
-11.9826 -5.04152 247
-11.0609 -4.65371 248
-11.0609 -4.65371 249
-11.0609 -4.65371 250
-10.1391 -4.2659 252
-10.1391 -4.2659 253
-10.1391 -4.2659 254
-10.1391 -4.2659 255
-10.1391 -4.2659 256
-10.1391 -4.2659 257
-10.1391 -4.2659 258
-10.1391 -4.2659 259
-9.2174 -3.87809 260
-9.2174 -3.87809 261
-9.2174 -3.87809 262
-9.2174 -3.87809 263
-9.2174 -3.87809 264
-9.2174 -3.87809 265
-9.2174 -3.87809 266
-9.2174 -3.87809 267
-9.2174 -3.87809 268
-9.2174 -3.87809 269
-9.2174 -3.87809 270
-9.2174 -3.87809 271
-9.2174 -3.87809 272
-8.29566 -3.49028 273
-8.29566 -3.49028 274
-8.29566 -3.49028 275
-8.29566 -3.49028 276
-8.29566 -3.49028 277
-8.29566 -3.49028 278
-8.29566 -3.49028 279
-7.37392 -3.10248 280
-7.37392 -3.10248 281
-7.37392 -3.10248 282
-7.37392 -3.10248 283
-7.37392 -3.10248 284
-7.37392 -3.10248 285
-7.37392 -3.10248 286
-6.45218 -2.71467 288
-6.45218 -2.71467 289
-6.45218 -2.71467 290
-6.45218 -2.71467 291
-5.53044 -2.32686 294
-5.53044 -2.32686 295
-5.53044 -2.32686 296
-4.6087 -1.93905 299
-3.68696 -1.55124 303
-2.76522 -1.16343 306
-8.23345 10.0603 236
-8.23345 10.0603 237
-8.23345 10.0603 238
-8.23345 10.0603 239
-8.23345 10.0603 240
-8.23345 10.0603 241
-8.23345 10.0603 242
-8.23345 10.0603 243
-8.23345 10.0603 244
-8.23345 10.0603 245
-8.23345 10.0603 246
-8.23345 10.0603 247
-7.60011 9.28646 248
-7.60011 9.28646 249
-7.60011 9.28646 250
-6.96677 8.51259 252
-6.96677 8.51259 253
-6.96677 8.51259 254
-6.96677 8.51259 255
-6.96677 8.51259 256
-6.96677 8.51259 257
-6.96677 8.51259 258
-6.96677 8.51259 259
-6.33343 7.73872 260
-6.33343 7.73872 261
-6.33343 7.73872 262
-6.33343 7.73872 263
-6.33343 7.73872 264
-6.33343 7.73872 265
-6.33343 7.73872 266
-6.33343 7.73872 267
-6.33343 7.73872 268
-6.33343 7.73872 269
-6.33343 7.73872 270
-6.33343 7.73872 271
-6.33343 7.73872 272
-5.70008 6.96484 273
-5.70008 6.96484 274
-5.70008 6.96484 275
-5.70008 6.96484 276
-5.70008 6.96484 277
-5.70008 6.96484 278
-5.70008 6.96484 279
-5.06674 6.19097 280
-5.06674 6.19097 281
-5.06674 6.19097 282
-5.06674 6.19097 283
-5.06674 6.19097 284
-5.06674 6.19097 285
-5.06674 6.19097 286
-4.4334 5.4171 288
-4.4334 5.4171 289
-4.4334 5.4171 290
-4.4334 5.4171 291
-3.80006 4.64323 294
-3.80006 4.64323 295
-3.80006 4.64323 296
-3.16671 3.86936 299
-2.53337 3.09549 303
-1.90003 2.32161 306
7.31158 10.749 236
7.31158 10.749 237
7.31158 10.749 238
7.31158 10.749 239
7.31158 10.749 240
7.31158 10.749 241
7.31158 10.749 242
7.31158 10.749 243
7.31158 10.749 244
7.31158 10.749 245
7.31158 10.749 246
7.31158 10.749 247
6.74915 9.92215 248
6.74915 9.92215 249
6.74915 9.92215 250
6.18672 9.0953 252
6.18672 9.0953 253
6.18672 9.0953 254
6.18672 9.0953 255
6.18672 9.0953 256
6.18672 9.0953 257
6.18672 9.0953 258
6.18672 9.0953 259
5.62429 8.26846 260
5.62429 8.26846 261
5.62429 8.26846 262
5.62429 8.26846 263
5.62429 8.26846 264
5.62429 8.26846 265
5.62429 8.26846 266
5.62429 8.26846 267
5.62429 8.26846 268
5.62429 8.26846 269
5.62429 8.26846 270
5.62429 8.26846 271
5.62429 8.26846 272
5.06186 7.44161 273
5.06186 7.44161 274
5.06186 7.44161 275
5.06186 7.44161 276
5.06186 7.44161 277
5.06186 7.44161 278
5.06186 7.44161 279
4.49943 6.61477 280
4.49943 6.61477 281
4.49943 6.61477 282
4.49943 6.61477 283
4.49943 6.61477 284
4.49943 6.61477 285
4.49943 6.61477 286
3.937 5.78792 288
3.937 5.78792 289
3.937 5.78792 290
3.937 5.78792 291
3.37457 4.96107 294
3.37457 4.96107 295
3.37457 4.96107 296
2.81214 4.13423 299
2.24972 3.30738 303
1.68729 2.48054 306
12.3815 -3.96216 236
12.3815 -3.96216 237
12.3815 -3.96216 238
12.3815 -3.96216 239
12.3815 -3.96216 240
12.3815 -3.96216 241
12.3815 -3.96216 242
12.3815 -3.96216 243
12.3815 -3.96216 244
12.3815 -3.96216 245
12.3815 -3.96216 246
12.3815 -3.96216 247
11.4291 -3.65738 248
11.4291 -3.65738 249
11.4291 -3.65738 250
10.4766 -3.3526 252
10.4766 -3.3526 253
10.4766 -3.3526 254
10.4766 -3.3526 255
10.4766 -3.3526 256
10.4766 -3.3526 257
10.4766 -3.3526 258
10.4766 -3.3526 259
9.52422 -3.04782 260
9.52422 -3.04782 261
9.52422 -3.04782 262
9.52422 -3.04782 263
9.52422 -3.04782 264
9.52422 -3.04782 265
9.52422 -3.04782 266
9.52422 -3.04782 267
9.52422 -3.04782 268
9.52422 -3.04782 269
9.52422 -3.04782 270
9.52422 -3.04782 271
9.52422 -3.04782 272
8.5718 -2.74304 273
8.5718 -2.74304 274
8.5718 -2.74304 275
8.5718 -2.74304 276
8.5718 -2.74304 277
8.5718 -2.74304 278
8.5718 -2.74304 279
7.61938 -2.43826 280
7.61938 -2.43826 281
7.61938 -2.43826 282
7.61938 -2.43826 283
7.61938 -2.43826 284
7.61938 -2.43826 285
7.61938 -2.43826 286
6.66695 -2.13347 288
6.66695 -2.13347 289
6.66695 -2.13347 290
6.66695 -2.13347 291
5.71453 -1.82869 294
5.71453 -1.82869 295
5.71453 -1.82869 296
4.76211 -1.52391 299
3.80969 -1.21913 303
2.85727 -0.914346 306
-0.287256 -12.9968 236
-0.287256 -12.9968 237
-0.287256 -12.9968 238
-0.287256 -12.9968 239
-0.287256 -12.9968 240
-0.287256 -12.9968 241
-0.287256 -12.9968 242
-0.287256 -12.9968 243
-0.287256 -12.9968 244
-0.287256 -12.9968 245
-0.287256 -12.9968 246
-0.287256 -12.9968 247
-0.265159 -11.9971 248
-0.265159 -11.9971 249
-0.265159 -11.9971 250
-0.243063 -10.9973 252
-0.243063 -10.9973 253
-0.243063 -10.9973 254
-0.243063 -10.9973 255
-0.243063 -10.9973 256
-0.243063 -10.9973 257
-0.243063 -10.9973 258
-0.243063 -10.9973 259
-0.220966 -9.99756 260
-0.220966 -9.99756 261
-0.220966 -9.99756 262
-0.220966 -9.99756 263
-0.220966 -9.99756 264
-0.220966 -9.99756 265
-0.220966 -9.99756 266
-0.220966 -9.99756 267
-0.220966 -9.99756 268
-0.220966 -9.99756 269
-0.220966 -9.99756 270
-0.220966 -9.99756 271
-0.220966 -9.99756 272
-0.19887 -8.9978 273
-0.19887 -8.9978 274
-0.19887 -8.9978 275
-0.19887 -8.9978 276
-0.19887 -8.9978 277
-0.19887 -8.9978 278
-0.19887 -8.9978 279
-0.176773 -7.99805 280
-0.176773 -7.99805 281
-0.176773 -7.99805 282
-0.176773 -7.99805 283
-0.176773 -7.99805 284
-0.176773 -7.99805 285
-0.176773 -7.99805 286
-0.154676 -6.99829 288
-0.154676 -6.99829 289
-0.154676 -6.99829 290
-0.154676 -6.99829 291
-0.13258 -5.99854 294
-0.13258 -5.99854 295
-0.13258 -5.99854 296
-0.110483 -4.99878 299
-0.0883865 -3.99902 303
-0.0662899 -2.99927 306
-12.5445 -3.41125 236
-12.5445 -3.41125 237
-12.5445 -3.41125 238
-12.5445 -3.41125 239
-12.5445 -3.41125 240
-12.5445 -3.41125 241
-12.5445 -3.41125 242
-12.5445 -3.41125 243
-12.5445 -3.41125 244
-12.5445 -3.41125 245
-12.5445 -3.41125 246
-12.5445 -3.41125 247
-11.5795 -3.14885 248
-11.5795 -3.14885 249
-11.5795 -3.14885 250
-10.6145 -2.88644 252
-10.6145 -2.88644 253
-10.6145 -2.88644 254
-10.6145 -2.88644 255
-10.6145 -2.88644 256
-10.6145 -2.88644 257
-10.6145 -2.88644 258
-10.6145 -2.88644 259
-9.64958 -2.62404 260
-9.64958 -2.62404 261
-9.64958 -2.62404 262
-9.64958 -2.62404 263
-9.64958 -2.62404 264
-9.64958 -2.62404 265
-9.64958 -2.62404 266
-9.64958 -2.62404 267
-9.64958 -2.62404 268
-9.64958 -2.62404 269
-9.64958 -2.62404 270
-9.64958 -2.62404 271
-9.64958 -2.62404 272
-8.68462 -2.36164 273
-8.68462 -2.36164 274
-8.68462 -2.36164 275
-8.68462 -2.36164 276
-8.68462 -2.36164 277
-8.68462 -2.36164 278
-8.68462 -2.36164 279
-7.71967 -2.09923 280
-7.71967 -2.09923 281
-7.71967 -2.09923 282
-7.71967 -2.09923 283
-7.71967 -2.09923 284
-7.71967 -2.09923 285
-7.71967 -2.09923 286
-6.75471 -1.83683 288
-6.75471 -1.83683 289
-6.75471 -1.83683 290
-6.75471 -1.83683 291
-5.78975 -1.57442 294
-5.78975 -1.57442 295
-5.78975 -1.57442 296
-4.82479 -1.31202 299
-3.85983 -1.04962 303
-2.89487 -0.787212 306
-6.82952 11.0615 236
-6.82952 11.0615 237
-6.82952 11.0615 238
-6.82952 11.0615 239
-6.82952 11.0615 240
-6.82952 11.0615 241
-6.82952 11.0615 242
-6.82952 11.0615 243
-6.82952 11.0615 244
-6.82952 11.0615 245
-6.82952 11.0615 246
-6.82952 11.0615 247
-6.30417 10.2107 248
-6.30417 10.2107 249
-6.30417 10.2107 250
-5.77882 9.35976 252
-5.77882 9.35976 253
-5.77882 9.35976 254
-5.77882 9.35976 255
-5.77882 9.35976 256
-5.77882 9.35976 257
-5.77882 9.35976 258
-5.77882 9.35976 259
-5.25348 8.50888 260
-5.25348 8.50888 261
-5.25348 8.50888 262
-5.25348 8.50888 263
-5.25348 8.50888 264
-5.25348 8.50888 265
-5.25348 8.50888 266
-5.25348 8.50888 267
-5.25348 8.50888 268
-5.25348 8.50888 269
-5.25348 8.50888 270
-5.25348 8.50888 271
-5.25348 8.50888 272
-4.72813 7.65799 273
-4.72813 7.65799 274
-4.72813 7.65799 275
-4.72813 7.65799 276
-4.72813 7.65799 277
-4.72813 7.65799 278
-4.72813 7.65799 279
-4.20278 6.8071 280
-4.20278 6.8071 281
-4.20278 6.8071 282
-4.20278 6.8071 283
-4.20278 6.8071 284
-4.20278 6.8071 285
-4.20278 6.8071 286
-3.67743 5.95621 288
-3.67743 5.95621 289
-3.67743 5.95621 290
-3.67743 5.95621 291
-3.15209 5.10533 294
-3.15209 5.10533 295
-3.15209 5.10533 296
-2.62674 4.25444 299
-2.10139 3.40355 303
-1.57604 2.55266 306
8.6699 9.68673 236
8.6699 9.68673 237
8.6699 9.68673 238
8.6699 9.68673 239
8.6699 9.68673 240
8.6699 9.68673 241
8.6699 9.68673 242
8.6699 9.68673 243
8.6699 9.68673 244
8.6699 9.68673 245
8.6699 9.68673 246
8.6699 9.68673 247
8.00299 8.9416 248
8.00299 8.9416 249
8.00299 8.9416 250
7.33607 8.19647 252
7.33607 8.19647 253
7.33607 8.19647 254
7.33607 8.19647 255
7.33607 8.19647 256
7.33607 8.19647 257
7.33607 8.19647 258
7.33607 8.19647 259
6.66916 7.45133 260
6.66916 7.45133 261
6.66916 7.45133 262
6.66916 7.45133 263
6.66916 7.45133 264
6.66916 7.45133 265
6.66916 7.45133 266
6.66916 7.45133 267
6.66916 7.45133 268
6.66916 7.45133 269
6.66916 7.45133 270
6.66916 7.45133 271
6.66916 7.45133 272
6.00224 6.7062 273
6.00224 6.7062 274
6.00224 6.7062 275
6.00224 6.7062 276
6.00224 6.7062 277
6.00224 6.7062 278
6.00224 6.7062 279
5.33532 5.96107 280
5.33532 5.96107 281
5.33532 5.96107 282
5.33532 5.96107 283
5.33532 5.96107 284
5.33532 5.96107 285
5.33532 5.96107 286
4.66841 5.21593 288
4.66841 5.21593 289
4.66841 5.21593 290
4.66841 5.21593 291
4.00149 4.4708 294
4.00149 4.4708 295
4.00149 4.4708 296
3.33458 3.72567 299
2.66766 2.98053 303
2.00075 2.2354 306
11.7482 -5.56602 236
11.7482 -5.56602 237
11.7482 -5.56602 238
11.7482 -5.56602 239
11.7482 -5.56602 240
11.7482 -5.56602 241
11.7482 -5.56602 242
11.7482 -5.56602 243
11.7482 -5.56602 244
11.7482 -5.56602 245
11.7482 -5.56602 246
11.7482 -5.56602 247
10.8445 -5.13787 248
10.8445 -5.13787 249
10.8445 -5.13787 250
9.94076 -4.70971 252
9.94076 -4.70971 253
9.94076 -4.70971 254
9.94076 -4.70971 255
9.94076 -4.70971 256
9.94076 -4.70971 257
9.94076 -4.70971 258
9.94076 -4.70971 259
9.03705 -4.28155 260
9.03705 -4.28155 261
9.03705 -4.28155 262
9.03705 -4.28155 263
9.03705 -4.28155 264
9.03705 -4.28155 265
9.03705 -4.28155 266
9.03705 -4.28155 267
9.03705 -4.28155 268
9.03705 -4.28155 269
9.03705 -4.28155 270
9.03705 -4.28155 271
9.03705 -4.28155 272
8.13335 -3.8534 273
8.13335 -3.8534 274
8.13335 -3.8534 275
8.13335 -3.8534 276
8.13335 -3.8534 277
8.13335 -3.8534 278
8.13335 -3.8534 279
7.22964 -3.42524 280
7.22964 -3.42524 281
7.22964 -3.42524 282
7.22964 -3.42524 283
7.22964 -3.42524 284
7.22964 -3.42524 285
7.22964 -3.42524 286
6.32594 -2.99709 288
6.32594 -2.99709 289
6.32594 -2.99709 290
6.32594 -2.99709 291
5.42223 -2.56893 294
5.42223 -2.56893 295
5.42223 -2.56893 296
4.51853 -2.14078 299
3.61482 -1.71262 303
2.71112 -1.28447 306
-2.00488 -12.8445 236
-2.00488 -12.8445 237
-2.00488 -12.8445 238
-2.00488 -12.8445 239
-2.00488 -12.8445 240
-2.00488 -12.8445 241
-2.00488 -12.8445 242
-2.00488 -12.8445 243
-2.00488 -12.8445 244
-2.00488 -12.8445 245
-2.00488 -12.8445 246
-2.00488 -12.8445 247
-1.85066 -11.8564 248
-1.85066 -11.8564 249
-1.85066 -11.8564 250
-1.69644 -10.8684 252
-1.69644 -10.8684 253
-1.69644 -10.8684 254
-1.69644 -10.8684 255
-1.69644 -10.8684 256
-1.69644 -10.8684 257
-1.69644 -10.8684 258
-1.69644 -10.8684 259
-1.54222 -9.88036 260
-1.54222 -9.88036 261
-1.54222 -9.88036 262
-1.54222 -9.88036 263
-1.54222 -9.88036 264
-1.54222 -9.88036 265
-1.54222 -9.88036 266
-1.54222 -9.88036 267
-1.54222 -9.88036 268
-1.54222 -9.88036 269
-1.54222 -9.88036 270
-1.54222 -9.88036 271
-1.54222 -9.88036 272
-1.388 -8.89233 273
-1.388 -8.89233 274
-1.388 -8.89233 275
-1.388 -8.89233 276
-1.388 -8.89233 277
-1.388 -8.89233 278
-1.388 -8.89233 279
-1.23377 -7.90429 280
-1.23377 -7.90429 281
-1.23377 -7.90429 282
-1.23377 -7.90429 283
-1.23377 -7.90429 284
-1.23377 -7.90429 285
-1.23377 -7.90429 286
-1.07955 -6.91625 288
-1.07955 -6.91625 289
-1.07955 -6.91625 290
-1.07955 -6.91625 291
-0.92533 -5.92822 294
-0.92533 -5.92822 295
-0.92533 -5.92822 296
-0.771108 -4.94018 299
-0.616887 -3.95215 303
-0.462665 -2.96411 306
-12.8856 -1.72096 236
-12.8856 -1.72096 237
-12.8856 -1.72096 238
-12.8856 -1.72096 239
-12.8856 -1.72096 240
-12.8856 -1.72096 241
-12.8856 -1.72096 242
-12.8856 -1.72096 243
-12.8856 -1.72096 244
-12.8856 -1.72096 245
-12.8856 -1.72096 246
-12.8856 -1.72096 247
-11.8944 -1.58858 248
-11.8944 -1.58858 249
-11.8944 -1.58858 250
-10.9032 -1.4562 252
-10.9032 -1.4562 253
-10.9032 -1.4562 254
-10.9032 -1.4562 255
-10.9032 -1.4562 256
-10.9032 -1.4562 257
-10.9032 -1.4562 258
-10.9032 -1.4562 259
-9.91199 -1.32382 260
-9.91199 -1.32382 261
-9.91199 -1.32382 262
-9.91199 -1.32382 263
-9.91199 -1.32382 264
-9.91199 -1.32382 265
-9.91199 -1.32382 266
-9.91199 -1.32382 267
-9.91199 -1.32382 268
-9.91199 -1.32382 269
-9.91199 -1.32382 270
-9.91199 -1.32382 271
-9.91199 -1.32382 272
-8.92079 -1.19143 273
-8.92079 -1.19143 274
-8.92079 -1.19143 275
-8.92079 -1.19143 276
-8.92079 -1.19143 277
-8.92079 -1.19143 278
-8.92079 -1.19143 279
-7.92959 -1.05905 280
-7.92959 -1.05905 281
-7.92959 -1.05905 282
-7.92959 -1.05905 283
-7.92959 -1.05905 284
-7.92959 -1.05905 285
-7.92959 -1.05905 286
-6.93839 -0.926671 288
-6.93839 -0.926671 289
-6.93839 -0.926671 290
-6.93839 -0.926671 291
-5.94719 -0.79429 294
-5.94719 -0.79429 295
-5.94719 -0.79429 296
-4.95599 -0.661908 299
-3.9648 -0.529527 303
-2.9736 -0.397145 306
-5.30542 11.8681 236
-5.30542 11.8681 237
-5.30542 11.8681 238
-5.30542 11.8681 239
-5.30542 11.8681 240
-5.30542 11.8681 241
-5.30542 11.8681 242
-5.30542 11.8681 243
-5.30542 11.8681 244
-5.30542 11.8681 245
-5.30542 11.8681 246
-5.30542 11.8681 247
-4.89732 10.9552 248
-4.89732 10.9552 249
-4.89732 10.9552 250
-4.48921 10.0423 252
-4.48921 10.0423 253
-4.48921 10.0423 254
-4.48921 10.0423 255
-4.48921 10.0423 256
-4.48921 10.0423 257
-4.48921 10.0423 258
-4.48921 10.0423 259
-4.0811 9.12933 260
-4.0811 9.12933 261
-4.0811 9.12933 262
-4.0811 9.12933 263
-4.0811 9.12933 264
-4.0811 9.12933 265
-4.0811 9.12933 266
-4.0811 9.12933 267
-4.0811 9.12933 268
-4.0811 9.12933 269
-4.0811 9.12933 270
-4.0811 9.12933 271
-4.0811 9.12933 272
-3.67299 8.2164 273
-3.67299 8.2164 274
-3.67299 8.2164 275
-3.67299 8.2164 276
-3.67299 8.2164 277
-3.67299 8.2164 278
-3.67299 8.2164 279
-3.26488 7.30346 280
-3.26488 7.30346 281
-3.26488 7.30346 282
-3.26488 7.30346 283
-3.26488 7.30346 284
-3.26488 7.30346 285
-3.26488 7.30346 286
-2.85677 6.39053 288
-2.85677 6.39053 289
-2.85677 6.39053 290
-2.85677 6.39053 291
-2.44866 5.4776 294
-2.44866 5.4776 295
-2.44866 5.4776 296
-2.04055 4.56466 299
-1.63244 3.65173 303
-1.22433 2.7388 306
9.87569 8.45404 236
9.87569 8.45404 237
9.87569 8.45404 238
9.87569 8.45404 239
9.87569 8.45404 240
9.87569 8.45404 241
9.87569 8.45404 242
9.87569 8.45404 243
9.87569 8.45404 244
9.87569 8.45404 245
9.87569 8.45404 246
9.87569 8.45404 247
9.11602 7.80373 248
9.11602 7.80373 249
9.11602 7.80373 250
8.35635 7.15342 252
8.35635 7.15342 253
8.35635 7.15342 254
8.35635 7.15342 255
8.35635 7.15342 256
8.35635 7.15342 257
8.35635 7.15342 258
8.35635 7.15342 259
7.59668 6.50311 260
7.59668 6.50311 261
7.59668 6.50311 262
7.59668 6.50311 263
7.59668 6.50311 264
7.59668 6.50311 265
7.59668 6.50311 266
7.59668 6.50311 267
7.59668 6.50311 268
7.59668 6.50311 269
7.59668 6.50311 270
7.59668 6.50311 271
7.59668 6.50311 272
6.83701 5.8528 273
6.83701 5.8528 274
6.83701 5.8528 275
6.83701 5.8528 276
6.83701 5.8528 277
6.83701 5.8528 278
6.83701 5.8528 279
6.07735 5.20249 280
6.07735 5.20249 281
6.07735 5.20249 282
6.07735 5.20249 283
6.07735 5.20249 284
6.07735 5.20249 285
6.07735 5.20249 286
5.31768 4.55218 288
5.31768 4.55218 289
5.31768 4.55218 290
5.31768 4.55218 291
4.55801 3.90186 294
4.55801 3.90186 295
4.55801 3.90186 296
3.79834 3.25155 299
3.03867 2.60124 303
2.279 1.95093 306
10.9081 -7.07195 236
10.9081 -7.07195 237
10.9081 -7.07195 238
10.9081 -7.07195 239
10.9081 -7.07195 240
10.9081 -7.07195 241
10.9081 -7.07195 242
10.9081 -7.07195 243
10.9081 -7.07195 244
10.9081 -7.07195 245
10.9081 -7.07195 246
10.9081 -7.07195 247
10.0691 -6.52795 248
10.0691 -6.52795 249
10.0691 -6.52795 250
9.22997 -5.98395 252
9.22997 -5.98395 253
9.22997 -5.98395 254
9.22997 -5.98395 255
9.22997 -5.98395 256
9.22997 -5.98395 257
9.22997 -5.98395 258
9.22997 -5.98395 259
8.39088 -5.43996 260
8.39088 -5.43996 261
8.39088 -5.43996 262
8.39088 -5.43996 263
8.39088 -5.43996 264
8.39088 -5.43996 265
8.39088 -5.43996 266
8.39088 -5.43996 267
8.39088 -5.43996 268
8.39088 -5.43996 269
8.39088 -5.43996 270
8.39088 -5.43996 271
8.39088 -5.43996 272
7.55179 -4.89596 273
7.55179 -4.89596 274
7.55179 -4.89596 275
7.55179 -4.89596 276
7.55179 -4.89596 277
7.55179 -4.89596 278
7.55179 -4.89596 279
6.7127 -4.35197 280
6.7127 -4.35197 281
6.7127 -4.35197 282
6.7127 -4.35197 283
6.7127 -4.35197 284
6.7127 -4.35197 285
6.7127 -4.35197 286
5.87362 -3.80797 288
5.87362 -3.80797 289
5.87362 -3.80797 290
5.87362 -3.80797 291
5.03453 -3.26397 294
5.03453 -3.26397 295
5.03453 -3.26397 296
4.19544 -2.71998 299
3.35635 -2.17598 303
2.51726 -1.63199 306
-3.68723 -12.4661 236
-3.68723 -12.4661 237
-3.68723 -12.4661 238
-3.68723 -12.4661 239
-3.68723 -12.4661 240
-3.68723 -12.4661 241
-3.68723 -12.4661 242
-3.68723 -12.4661 243
-3.68723 -12.4661 244
-3.68723 -12.4661 245
-3.68723 -12.4661 246
-3.68723 -12.4661 247
-3.4036 -11.5072 248
-3.4036 -11.5072 249
-3.4036 -11.5072 250
-3.11997 -10.5483 252
-3.11997 -10.5483 253
-3.11997 -10.5483 254
-3.11997 -10.5483 255
-3.11997 -10.5483 256
-3.11997 -10.5483 257
-3.11997 -10.5483 258
-3.11997 -10.5483 259
-2.83633 -9.58933 260
-2.83633 -9.58933 261
-2.83633 -9.58933 262
-2.83633 -9.58933 263
-2.83633 -9.58933 264
-2.83633 -9.58933 265
-2.83633 -9.58933 266
-2.83633 -9.58933 267
-2.83633 -9.58933 268
-2.83633 -9.58933 269
-2.83633 -9.58933 270
-2.83633 -9.58933 271
-2.83633 -9.58933 272
-2.5527 -8.6304 273
-2.5527 -8.6304 274
-2.5527 -8.6304 275
-2.5527 -8.6304 276
-2.5527 -8.6304 277
-2.5527 -8.6304 278
-2.5527 -8.6304 279
-2.26907 -7.67146 280
-2.26907 -7.67146 281
-2.26907 -7.67146 282
-2.26907 -7.67146 283
-2.26907 -7.67146 284
-2.26907 -7.67146 285
-2.26907 -7.67146 286
-1.98543 -6.71253 288
-1.98543 -6.71253 289
-1.98543 -6.71253 290
-1.98543 -6.71253 291
-1.7018 -5.7536 294
-1.7018 -5.7536 295
-1.7018 -5.7536 296
-1.41817 -4.79466 299
-1.13453 -3.83573 303
-0.8509 -2.8768 306
-13 -0.000391877 236
-13 -0.000391877 237
-13 -0.000391877 238
-13 -0.000391877 239
-13 -0.000391877 240
-13 -0.000391877 241
-13 -0.000391877 242
-13 -0.000391877 243
-13 -0.000391877 244
-13 -0.000391877 245
-13 -0.000391877 246
-13 -0.000391877 247
-12 -0.000361732 248
-12 -0.000361732 249
-12 -0.000361732 250
-11 -0.000331588 252
-11 -0.000331588 253
-11 -0.000331588 254
-11 -0.000331588 255
-11 -0.000331588 256
-11 -0.000331588 257
-11 -0.000331588 258
-11 -0.000331588 259
-10 -0.000301444 260
-10 -0.000301444 261
-10 -0.000301444 262
-10 -0.000301444 263
-10 -0.000301444 264
-10 -0.000301444 265
-10 -0.000301444 266
-10 -0.000301444 267
-10 -0.000301444 268
-10 -0.000301444 269
-10 -0.000301444 270
-10 -0.000301444 271
-10 -0.000301444 272
-9 -0.000271299 273
-9 -0.000271299 274
-9 -0.000271299 275
-9 -0.000271299 276
-9 -0.000271299 277
-9 -0.000271299 278
-9 -0.000271299 279
-8 -0.000241155 280
-8 -0.000241155 281
-8 -0.000241155 282
-8 -0.000241155 283
-8 -0.000241155 284
-8 -0.000241155 285
-8 -0.000241155 286
-7 -0.00021101 288
-7 -0.00021101 289
-7 -0.00021101 290
-7 -0.00021101 291
-6 -0.000180866 294
-6 -0.000180866 295
-6 -0.000180866 296
-5 -0.000150722 299
-4 -0.000120577 303
-3 -9.04331e-05 306
